category_key,parent_category_key,name.en_US,meta_title.en_US,meta_description.en_US,meta_keywords.en_US,is_active,is_in_menu,is_clickable,is_searchable,is_root,is_main,node_order,template_name,category_image_name.en_US,name.fr_CA,name.pt_BR,name.es_CO,name.es_MX,meta_title.fr_CA,meta_title.pt_BR,meta_title.es_CO,meta_title.es_MX,meta_description.fr_CA,meta_description.pt_BR,meta_description.es_CO,meta_description.es_MX,meta_keywords.fr_CA,meta_keywords.pt_BR,meta_keywords.es_CO,meta_keywords.es_MX,category_image_name.fr_CA,category_image_name.pt_BR,category_image_name.es_CO,category_image_name.es_MX
demoshop,,Demoshop,Demoshop,English version of Demoshop,English version of Demoshop,1,0,1,0,1,1,900,Catalog (default),,Demoshop,Demoshop,Demoshop,Demoshop,Demoshop,Demoshop,Demoshop,Demoshop,Deutsche Version des Demoshop,Deutsche Version des Demoshop,Deutsche Version des Demoshop,Deutsche Version des Demoshop,Deutsche Version des Demoshop,Deutsche Version des Demoshop,Deutsche Version des Demoshop,Deutsche Version des Demoshop,,,,
AF000001,demoshop,Affiliate,Affiliate,Affiliate,Affiliate,1,1,1,1,0,1,923,Catalog (default),,Affiliate,Affiliate,Affiliate,Affiliate,Affiliate,Affiliate,Affiliate,Affiliate,Affiliate,Affiliate,Affiliate,Affiliate,Affiliate,Affiliate,Affiliate,Affiliate,,,,
MC_10001,demoshop,Automotive,Automotive,Automotive,Automotive,1,1,1,1,0,1,,Catalog (default),,Auto & Motorrad,Auto & Motorrad,Auto & Motorrad,Auto & Motorrad,Auto & Motorrad,Auto & Motorrad,Auto & Motorrad,Auto & Motorrad,Auto & Motorrad,Auto & Motorrad,Auto & Motorrad,Auto & Motorrad,Auto & Motorrad,Auto & Motorrad,Auto & Motorrad,Auto & Motorrad,,,,
SUB_10001,MC_10001,Trailers & Carriers,Trailers & Carriers,Trailers & Carriers,Trailers & Carriers,1,1,1,1,0,1,,Catalog (default),,Anhänger & Trägersysteme,Anhänger & Trägersysteme,Anhänger & Trägersysteme,Anhänger & Trägersysteme,Anhänger & Trägersysteme,Anhänger & Trägersysteme,Anhänger & Trägersysteme,Anhänger & Trägersysteme,Anhänger & Trägersysteme,Anhänger & Trägersysteme,Anhänger & Trägersysteme,Anhänger & Trägersysteme,Anhänger & Trägersysteme,Anhänger & Trägersysteme,Anhänger & Trägersysteme,Anhänger & Trägersysteme,,,,
SUB_10002,MC_10001,Car Tuning,Car Tuning,Car Tuning,Car Tuning,1,1,1,1,0,1,,Catalog (default),,Auto Tuning,Auto Tuning,Auto Tuning,Auto Tuning,Auto Tuning,Auto Tuning,Auto Tuning,Auto Tuning,Auto Tuning,Auto Tuning,Auto Tuning,Auto Tuning,Auto Tuning,Auto Tuning,Auto Tuning,Auto Tuning,,,,
SUB_10003,MC_10001,Car Workshop Equipment,Car Workshop Equipment,Car Workshop Equipment,Car Workshop Equipment,1,1,1,1,0,1,,Catalog (default),,Auto-Werkstattausstattung,Auto-Werkstattausstattung,Auto-Werkstattausstattung,Auto-Werkstattausstattung,Auto-Werkstattausstattung,Auto-Werkstattausstattung,Auto-Werkstattausstattung,Auto-Werkstattausstattung,Auto-Werkstattausstattung,Auto-Werkstattausstattung,Auto-Werkstattausstattung,Auto-Werkstattausstattung,Auto-Werkstattausstattung,Auto-Werkstattausstattung,Auto-Werkstattausstattung,Auto-Werkstattausstattung,,,,
SUB_10004,MC_10001,Car Care,Car Care,Car Care,Car Care,1,1,1,1,0,1,,Catalog (default),,Autopflege,Autopflege,Autopflege,Autopflege,Autopflege,Autopflege,Autopflege,Autopflege,Autopflege,Autopflege,Autopflege,Autopflege,Autopflege,Autopflege,Autopflege,Autopflege,,,,
SUB_10005,MC_10001,Car Parts,Car Parts,Car Parts,Car Parts,1,1,1,1,0,1,,Catalog (default),,Autoteile,Autoteile,Autoteile,Autoteile,Autoteile,Autoteile,Autoteile,Autoteile,Autoteile,Autoteile,Autoteile,Autoteile,Autoteile,Autoteile,Autoteile,Autoteile,,,,
SUB_10006,MC_10001,Car accessories,Car accessories,Car accessories,Car accessories,1,1,1,1,0,1,,Catalog (default),,Autozubehör,Autozubehör,Autozubehör,Autozubehör,Autozubehör,Autozubehör,Autozubehör,Autozubehör,Autozubehör,Autozubehör,Autozubehör,Autozubehör,Autozubehör,Autozubehör,Autozubehör,Autozubehör,,,,
SUB_10007,MC_10001,Vehicles,Vehicles,Vehicles,Vehicles,1,1,1,1,0,1,,Catalog (default),,Fahrzeuge,Fahrzeuge,Fahrzeuge,Fahrzeuge,Fahrzeuge,Fahrzeuge,Fahrzeuge,Fahrzeuge,Fahrzeuge,Fahrzeuge,Fahrzeuge,Fahrzeuge,Fahrzeuge,Fahrzeuge,Fahrzeuge,Fahrzeuge,,,,
SUB_10008,MC_10001,Motorcycle Supplies,Motorcycle Supplies,Motorcycle Supplies,Motorcycle Supplies,1,1,1,1,0,1,,Catalog (default),,Motorradbedarf,Motorradbedarf,Motorradbedarf,Motorradbedarf,Motorradbedarf,Motorradbedarf,Motorradbedarf,Motorradbedarf,Motorradbedarf,Motorradbedarf,Motorradbedarf,Motorradbedarf,Motorradbedarf,Motorradbedarf,Motorradbedarf,Motorradbedarf,,,,
SUB_10009,MC_10001,Oils & Maintenance,Oils & Maintenance,Oils & Maintenance,Oils & Maintenance,1,1,1,1,0,1,,Catalog (default),,Öle & Wartungsmittel,Öle & Wartungsmittel,Öle & Wartungsmittel,Öle & Wartungsmittel,Öle & Wartungsmittel,Öle & Wartungsmittel,Öle & Wartungsmittel,Öle & Wartungsmittel,Öle & Wartungsmittel,Öle & Wartungsmittel,Öle & Wartungsmittel,Öle & Wartungsmittel,Öle & Wartungsmittel,Öle & Wartungsmittel,Öle & Wartungsmittel,Öle & Wartungsmittel,,,,
SUB_10010,MC_10001,Wheels & Tires,Wheels & Tires,Wheels & Tires,Wheels & Tires,1,1,1,1,0,1,,Catalog (default),,Räder & Reifen,Räder & Reifen,Räder & Reifen,Räder & Reifen,Räder & Reifen,Räder & Reifen,Räder & Reifen,Räder & Reifen,Räder & Reifen,Räder & Reifen,Räder & Reifen,Räder & Reifen,Räder & Reifen,Räder & Reifen,Räder & Reifen,Räder & Reifen,,,,
SUB_10010_01,SUB_10010,Rims,Rims,Rims,Rims,1,1,1,1,0,1,,Catalog (default),,Felgen,Felgen,Felgen,Felgen,Felgen,Felgen,Felgen,Felgen,Felgen,Felgen,Felgen,Felgen,Felgen,Felgen,Felgen,Felgen,,,,
SUB_10010_02,SUB_10010,Summer tires,Summer tires,Summer tires,Summer tires,1,1,1,1,0,1,,Catalog (default),,Sommerreifen,Sommerreifen,Sommerreifen,Sommerreifen,Sommerreifen,Sommerreifen,Sommerreifen,Sommerreifen,Sommerreifen,Sommerreifen,Sommerreifen,Sommerreifen,Sommerreifen,Sommerreifen,Sommerreifen,Sommerreifen,,,,
SUB_10010_03,SUB_10010,All Season tires,All Season tires,All Season tires,All Season tires,1,1,1,1,0,1,,Catalog (default),,Ganzjahresreifen,Ganzjahresreifen,Ganzjahresreifen,Ganzjahresreifen,Ganzjahresreifen,Ganzjahresreifen,Ganzjahresreifen,Ganzjahresreifen,Ganzjahresreifen,Ganzjahresreifen,Ganzjahresreifen,Ganzjahresreifen,Ganzjahresreifen,Ganzjahresreifen,Ganzjahresreifen,Ganzjahresreifen,,,,
SUB_10010_04,SUB_10010,Winter tires,Winter tires,Winter tires,Winter tires,1,1,1,1,0,1,,Catalog (default),,Winterreifen,Winterreifen,Winterreifen,Winterreifen,Winterreifen,Winterreifen,Winterreifen,Winterreifen,Winterreifen,Winterreifen,Winterreifen,Winterreifen,Winterreifen,Winterreifen,Winterreifen,Winterreifen,,,,
SUB_10010_05,SUB_10010,Offroad tires,Offroad tires,Offroad tires,Offroad tires,1,1,1,1,0,1,,Catalog (default),,Offroadreifen,Offroadreifen,Offroadreifen,Offroadreifen,Offroadreifen,Offroadreifen,Offroadreifen,Offroadreifen,Offroadreifen,Offroadreifen,Offroadreifen,Offroadreifen,Offroadreifen,Offroadreifen,Offroadreifen,Offroadreifen,,,,
SUB_10010_06,SUB_10010,Truck Tires,Truck Tires,Truck Tires,Truck Tires,1,1,1,1,0,1,,Catalog (default),,LKW Reifen,LKW Reifen,LKW Reifen,LKW Reifen,LKW Reifen,LKW Reifen,LKW Reifen,LKW Reifen,LKW Reifen,LKW Reifen,LKW Reifen,LKW Reifen,LKW Reifen,LKW Reifen,LKW Reifen,LKW Reifen,,,,
MC_20001,demoshop,Baby & Child,Baby & Child,Baby & Child,Baby & Child,1,1,1,1,0,1,,Catalog (default),,Baby & Kind,Baby & Kind,Baby & Kind,Baby & Kind,Baby & Kind,Baby & Kind,Baby & Kind,Baby & Kind,Baby & Kind,Baby & Kind,Baby & Kind,Baby & Kind,Baby & Kind,Baby & Kind,Baby & Kind,Baby & Kind,,,,
SUB_20001,MC_20001,Baby food & accessories,Baby food & accessories,Baby food & accessories,Baby food & accessories,1,1,1,1,0,1,,Catalog (default),,Babynahrung & Zubehör,Babynahrung & Zubehör,Babynahrung & Zubehör,Babynahrung & Zubehör,Babynahrung & Zubehör,Babynahrung & Zubehör,Babynahrung & Zubehör,Babynahrung & Zubehör,Babynahrung & Zubehör,Babynahrung & Zubehör,Babynahrung & Zubehör,Babynahrung & Zubehör,Babynahrung & Zubehör,Babynahrung & Zubehör,Babynahrung & Zubehör,Babynahrung & Zubehör,,,,
SUB_20002,MC_20001,Baby care & diapering accessories,Baby care & diapering accessories,Baby care & diapering accessories,Baby care & diapering accessories,1,1,1,1,0,1,,Catalog (default),,Babypflege & Wickelzubehör,Babypflege & Wickelzubehör,Babypflege & Wickelzubehör,Babypflege & Wickelzubehör,Babypflege & Wickelzubehör,Babypflege & Wickelzubehör,Babypflege & Wickelzubehör,Babypflege & Wickelzubehör,Babypflege & Wickelzubehör,Babypflege & Wickelzubehör,Babypflege & Wickelzubehör,Babypflege & Wickelzubehör,Babypflege & Wickelzubehör,Babypflege & Wickelzubehör,Babypflege & Wickelzubehör,Babypflege & Wickelzubehör,,,,
SUB_20003,MC_20001,Baby monitors & safety,Baby monitors & safety,Baby monitors & safety,Baby monitors & safety,1,1,1,1,0,1,,Catalog (default),,Babyphone & Sicherheit,Babyphone & Sicherheit,Babyphone & Sicherheit,Babyphone & Sicherheit,Babyphone & Sicherheit,Babyphone & Sicherheit,Babyphone & Sicherheit,Babyphone & Sicherheit,Babyphone & Sicherheit,Babyphone & Sicherheit,Babyphone & Sicherheit,Babyphone & Sicherheit,Babyphone & Sicherheit,Babyphone & Sicherheit,Babyphone & Sicherheit,Babyphone & Sicherheit,,,,
SUB_20004,MC_20001,Baby carriers & traveling with babies,Baby carriers & traveling with babies,Baby carriers & traveling with babies,Baby carriers & traveling with babies,1,1,1,1,0,1,,Catalog (default),,Babytragen & Reisen mit Babys,Babytragen & Reisen mit Babys,Babytragen & Reisen mit Babys,Babytragen & Reisen mit Babys,Babytragen & Reisen mit Babys,Babytragen & Reisen mit Babys,Babytragen & Reisen mit Babys,Babytragen & Reisen mit Babys,Babytragen & Reisen mit Babys,Babytragen & Reisen mit Babys,Babytragen & Reisen mit Babys,Babytragen & Reisen mit Babys,Babytragen & Reisen mit Babys,Babytragen & Reisen mit Babys,Babytragen & Reisen mit Babys,Babytragen & Reisen mit Babys,,,,
SUB_20005,MC_20001,Child Seats,Child Seats,Child Seats,Child Seats,1,1,1,1,0,1,,Catalog (default),,Kindersitze,Kindersitze,Kindersitze,Kindersitze,Kindersitze,Kindersitze,Kindersitze,Kindersitze,Kindersitze,Kindersitze,Kindersitze,Kindersitze,Kindersitze,Kindersitze,Kindersitze,Kindersitze,,,,
SUB_20006,MC_20001,Strollers & Accessories,Strollers & Accessories,Strollers & Accessories,Strollers & Accessories,1,1,1,1,0,1,,Catalog (default),,Kinderwagen & Zubehör,Kinderwagen & Zubehör,Kinderwagen & Zubehör,Kinderwagen & Zubehör,Kinderwagen & Zubehör,Kinderwagen & Zubehör,Kinderwagen & Zubehör,Kinderwagen & Zubehör,Kinderwagen & Zubehör,Kinderwagen & Zubehör,Kinderwagen & Zubehör,Kinderwagen & Zubehör,Kinderwagen & Zubehör,Kinderwagen & Zubehör,Kinderwagen & Zubehör,Kinderwagen & Zubehör,,,,
SUB_20007,MC_20001,Nursery,Nursery,Nursery,Nursery,1,1,1,1,0,1,,Catalog (default),,Kinderzimmer,Kinderzimmer,Kinderzimmer,Kinderzimmer,Kinderzimmer,Kinderzimmer,Kinderzimmer,Kinderzimmer,Kinderzimmer,Kinderzimmer,Kinderzimmer,Kinderzimmer,Kinderzimmer,Kinderzimmer,Kinderzimmer,Kinderzimmer,,,,
SUB_20008,MC_20001,Toys,Toys,Toys,Toys,1,1,1,1,0,1,,Catalog (default),,Spielwaren,Spielwaren,Spielwaren,Spielwaren,Spielwaren,Spielwaren,Spielwaren,Spielwaren,Spielwaren,Spielwaren,Spielwaren,Spielwaren,Spielwaren,Spielwaren,Spielwaren,Spielwaren,,,,
SUB_20008_01,SUB_20008,Learning toys,Learning toys,Learning toys,Learning toys,1,1,1,1,0,1,,Catalog (default),,Lernspielzeug,Lernspielzeug,Lernspielzeug,Lernspielzeug,Lernspielzeug,Lernspielzeug,Lernspielzeug,Lernspielzeug,Lernspielzeug,Lernspielzeug,Lernspielzeug,Lernspielzeug,Lernspielzeug,Lernspielzeug,Lernspielzeug,Lernspielzeug,,,,
SUB_20008_02,SUB_20008,Outdoor toys,Outdoor toys,Outdoor toys,Outdoor toys,1,1,1,1,0,1,,Catalog (default),,Outdoor-Spielzeug,Outdoor-Spielzeug,Outdoor-Spielzeug,Outdoor-Spielzeug,Outdoor-Spielzeug,Outdoor-Spielzeug,Outdoor-Spielzeug,Outdoor-Spielzeug,Outdoor-Spielzeug,Outdoor-Spielzeug,Outdoor-Spielzeug,Outdoor-Spielzeug,Outdoor-Spielzeug,Outdoor-Spielzeug,Outdoor-Spielzeug,Outdoor-Spielzeug,,,,
SUB_20008_03,SUB_20008,Wooden toys,Wooden toys,Wooden toys,Wooden toys,1,1,1,1,0,1,,Catalog (default),,Holzspielzeug,Holzspielzeug,Holzspielzeug,Holzspielzeug,Holzspielzeug,Holzspielzeug,Holzspielzeug,Holzspielzeug,Holzspielzeug,Holzspielzeug,Holzspielzeug,Holzspielzeug,Holzspielzeug,Holzspielzeug,Holzspielzeug,Holzspielzeug,,,,
SUB_20008_04,SUB_20008,Board games,Board games,Board games,Board games,1,1,1,1,0,1,,Catalog (default),,Gesellschaftsspiele,Gesellschaftsspiele,Gesellschaftsspiele,Gesellschaftsspiele,Gesellschaftsspiele,Gesellschaftsspiele,Gesellschaftsspiele,Gesellschaftsspiele,Gesellschaftsspiele,Gesellschaftsspiele,Gesellschaftsspiele,Gesellschaftsspiele,Gesellschaftsspiele,Gesellschaftsspiele,Gesellschaftsspiele,Gesellschaftsspiele,,,,
SUB_20008_05,SUB_20008,Electric toys,Electric toys,Electric toys,Electric toys,1,1,1,1,0,1,,Catalog (default),,Elektrospielzeug,Elektrospielzeug,Elektrospielzeug,Elektrospielzeug,Elektrospielzeug,Elektrospielzeug,Elektrospielzeug,Elektrospielzeug,Elektrospielzeug,Elektrospielzeug,Elektrospielzeug,Elektrospielzeug,Elektrospielzeug,Elektrospielzeug,Elektrospielzeug,Elektrospielzeug,,,,
SUB_20008_06,SUB_20008,Children´s vehicles,Children´s vehicles,Children´s vehicles,Children´s vehicles,1,1,1,1,0,1,,Catalog (default),,Kinderfahrzeuge,Kinderfahrzeuge,Kinderfahrzeuge,Kinderfahrzeuge,Kinderfahrzeuge,Kinderfahrzeuge,Kinderfahrzeuge,Kinderfahrzeuge,Kinderfahrzeuge,Kinderfahrzeuge,Kinderfahrzeuge,Kinderfahrzeuge,Kinderfahrzeuge,Kinderfahrzeuge,Kinderfahrzeuge,Kinderfahrzeuge,,,,
SUB_20008_07,SUB_20008,Game & action figures,Game & action figures,Game & action figures,Game & action figures,1,1,1,1,0,1,,Catalog (default),,Spiel- & Actionfiguren,Spiel- & Actionfiguren,Spiel- & Actionfiguren,Spiel- & Actionfiguren,Spiel- & Actionfiguren,Spiel- & Actionfiguren,Spiel- & Actionfiguren,Spiel- & Actionfiguren,Spiel- & Actionfiguren,Spiel- & Actionfiguren,Spiel- & Actionfiguren,Spiel- & Actionfiguren,Spiel- & Actionfiguren,Spiel- & Actionfiguren,Spiel- & Actionfiguren,Spiel- & Actionfiguren,,,,
SUB_20008_08,SUB_20008,Construction kits / building blocks,Construction kits / building blocks,Construction kits / building blocks,Construction kits / building blocks,1,1,1,1,0,1,,Catalog (default),,Baukästen/Bausteine,Baukästen/Bausteine,Baukästen/Bausteine,Baukästen/Bausteine,Baukästen/Bausteine,Baukästen/Bausteine,Baukästen/Bausteine,Baukästen/Bausteine,Baukästen/Bausteine,Baukästen/Bausteine,Baukästen/Bausteine,Baukästen/Bausteine,Baukästen/Bausteine,Baukästen/Bausteine,Baukästen/Bausteine,Baukästen/Bausteine,,,,
SUB_20008_09,SUB_20008,Racetrack,Racetrack,Racetrack,Racetrack,1,1,1,1,0,1,,Catalog (default),,Rennbahn,Rennbahn,Rennbahn,Rennbahn,Rennbahn,Rennbahn,Rennbahn,Rennbahn,Rennbahn,Rennbahn,Rennbahn,Rennbahn,Rennbahn,Rennbahn,Rennbahn,Rennbahn,,,,
SUB_20008_10,SUB_20008,Painting & handicrafts,Painting & handicrafts,Painting & handicrafts,Painting & handicrafts,1,1,1,1,0,1,,Catalog (default),,Malen & Basteln,Malen & Basteln,Malen & Basteln,Malen & Basteln,Malen & Basteln,Malen & Basteln,Malen & Basteln,Malen & Basteln,Malen & Basteln,Malen & Basteln,Malen & Basteln,Malen & Basteln,Malen & Basteln,Malen & Basteln,Malen & Basteln,Malen & Basteln,,,,
SUB_20008_11,SUB_20008,Stuffed animals,Stuffed animals,Stuffed animals,Stuffed animals,1,1,1,1,0,1,,Catalog (default),,Stofftiere,Stofftiere,Stofftiere,Stofftiere,Stofftiere,Stofftiere,Stofftiere,Stofftiere,Stofftiere,Stofftiere,Stofftiere,Stofftiere,Stofftiere,Stofftiere,Stofftiere,Stofftiere,,,,
MC_30001,demoshop,Health & Beauty,Health & Beauty,Health & Beauty,Health & Beauty,1,1,1,1,0,1,,Catalog (default),,Beauty & Gesundheit,Beauty & Gesundheit,Beauty & Gesundheit,Beauty & Gesundheit,Beauty & Gesundheit,Beauty & Gesundheit,Beauty & Gesundheit,Beauty & Gesundheit,Beauty & Gesundheit,Beauty & Gesundheit,Beauty & Gesundheit,Beauty & Gesundheit,Beauty & Gesundheit,Beauty & Gesundheit,Beauty & Gesundheit,Beauty & Gesundheit,,,,
SUB_30001,MC_30001,Household Items,Household Items,Household Items,Household Items,1,1,1,1,0,1,,Catalog (default),,Haushaltsartikel,Haushaltsartikel,Haushaltsartikel,Haushaltsartikel,Haushaltsartikel,Haushaltsartikel,Haushaltsartikel,Haushaltsartikel,Haushaltsartikel,Haushaltsartikel,Haushaltsartikel,Haushaltsartikel,Haushaltsartikel,Haushaltsartikel,Haushaltsartikel,Haushaltsartikel,,,,
SUB_30002,MC_30001,Contact Lenses & Glasses,Contact Lenses & Glasses,Contact Lenses & Glasses,Contact Lenses & Glasses,1,1,1,1,0,1,,Catalog (default),,Kontaktlinsen & Brillen,Kontaktlinsen & Brillen,Kontaktlinsen & Brillen,Kontaktlinsen & Brillen,Kontaktlinsen & Brillen,Kontaktlinsen & Brillen,Kontaktlinsen & Brillen,Kontaktlinsen & Brillen,Kontaktlinsen & Brillen,Kontaktlinsen & Brillen,Kontaktlinsen & Brillen,Kontaktlinsen & Brillen,Kontaktlinsen & Brillen,Kontaktlinsen & Brillen,Kontaktlinsen & Brillen,Kontaktlinsen & Brillen,,,,
SUB_30003,MC_30001,Cosmetics & Fragrances,Cosmetics & Fragrances,Cosmetics & Fragrances,Cosmetics & Fragrances,1,1,1,1,0,1,,Catalog (default),,Kosmetik & Düfte,Kosmetik & Düfte,Kosmetik & Düfte,Kosmetik & Düfte,Kosmetik & Düfte,Kosmetik & Düfte,Kosmetik & Düfte,Kosmetik & Düfte,Kosmetik & Düfte,Kosmetik & Düfte,Kosmetik & Düfte,Kosmetik & Düfte,Kosmetik & Düfte,Kosmetik & Düfte,Kosmetik & Düfte,Kosmetik & Düfte,,,,
SUB_30003_01,SUB_30003,Women´s fragrances,Women´s fragrances,Women´s fragrances,Women´s fragrances,1,1,1,1,0,1,,Catalog (default),,Damendüfte,Damendüfte,Damendüfte,Damendüfte,Damendüfte,Damendüfte,Damendüfte,Damendüfte,Damendüfte,Damendüfte,Damendüfte,Damendüfte,Damendüfte,Damendüfte,Damendüfte,Damendüfte,,,,
SUB_30003_02,SUB_30003,Men´s fragrances,Men´s fragrances,Men´s fragrances,Men´s fragrances,1,1,1,1,0,1,,Catalog (default),,Herrendüfte,Herrendüfte,Herrendüfte,Herrendüfte,Herrendüfte,Herrendüfte,Herrendüfte,Herrendüfte,Herrendüfte,Herrendüfte,Herrendüfte,Herrendüfte,Herrendüfte,Herrendüfte,Herrendüfte,Herrendüfte,,,,
SUB_30004,MC_30001,Body Hygiene & Care,Body Hygiene & Care,Body Hygiene & Care,Body Hygiene & Care,1,1,1,1,0,1,,Catalog (default),,Körperhygiene & Pflege,Körperhygiene & Pflege,Körperhygiene & Pflege,Körperhygiene & Pflege,Körperhygiene & Pflege,Körperhygiene & Pflege,Körperhygiene & Pflege,Körperhygiene & Pflege,Körperhygiene & Pflege,Körperhygiene & Pflege,Körperhygiene & Pflege,Körperhygiene & Pflege,Körperhygiene & Pflege,Körperhygiene & Pflege,Körperhygiene & Pflege,Körperhygiene & Pflege,,,,
SUB_30004_01,SUB_30004,Shower & bath products,Shower & bath products,Shower & bath products,Shower & bath products,1,1,1,1,0,1,,Catalog (default),,Dusch-& Badeprodukte,Dusch-& Badeprodukte,Dusch-& Badeprodukte,Dusch-& Badeprodukte,Dusch-& Badeprodukte,Dusch-& Badeprodukte,Dusch-& Badeprodukte,Dusch-& Badeprodukte,Dusch-& Badeprodukte,Dusch-& Badeprodukte,Dusch-& Badeprodukte,Dusch-& Badeprodukte,Dusch-& Badeprodukte,Dusch-& Badeprodukte,Dusch-& Badeprodukte,Dusch-& Badeprodukte,,,,
SUB_30004_02,SUB_30004,Deodorants,Deodorants,Deodorants,Deodorants,1,1,1,1,0,1,,Catalog (default),,Deodorants,Deodorants,Deodorants,Deodorants,Deodorants,Deodorants,Deodorants,Deodorants,Deodorants,Deodorants,Deodorants,Deodorants,Deodorants,Deodorants,Deodorants,Deodorants,,,,
SUB_30004_03,SUB_30004,Sun Care,Sun Care,Sun Care,Sun Care,1,1,1,1,0,1,,Catalog (default),,Sonnenpfelge,Sonnenpfelge,Sonnenpfelge,Sonnenpfelge,Sonnenpfelge,Sonnenpfelge,Sonnenpfelge,Sonnenpfelge,Sonnenpfelge,Sonnenpfelge,Sonnenpfelge,Sonnenpfelge,Sonnenpfelge,Sonnenpfelge,Sonnenpfelge,Sonnenpfelge,,,,
SUB_30004_04,SUB_30004,Dental Care,Dental Care,Dental Care,Dental Care,1,1,1,1,0,1,,Catalog (default),,Zahnpflege,Zahnpflege,Zahnpflege,Zahnpflege,Zahnpflege,Zahnpflege,Zahnpflege,Zahnpflege,Zahnpflege,Zahnpflege,Zahnpflege,Zahnpflege,Zahnpflege,Zahnpflege,Zahnpflege,Zahnpflege,,,,
SUB_30005,MC_30001,Love & Contraception,Love & Contraception,Love & Contraception,Love & Contraception,1,1,1,1,0,1,,Catalog (default),,Liebe & Verhütung,Liebe & Verhütung,Liebe & Verhütung,Liebe & Verhütung,Liebe & Verhütung,Liebe & Verhütung,Liebe & Verhütung,Liebe & Verhütung,Liebe & Verhütung,Liebe & Verhütung,Liebe & Verhütung,Liebe & Verhütung,Liebe & Verhütung,Liebe & Verhütung,Liebe & Verhütung,Liebe & Verhütung,,,,
SUB_30006,MC_30001,Medicine & Food Supplements,Medicine & Food Supplements,Medicine & Food Supplements,Medicine & Food Supplements,1,1,1,1,0,1,,Catalog (default),,Medizin & Nahrungsergänzung,Medizin & Nahrungsergänzung,Medizin & Nahrungsergänzung,Medizin & Nahrungsergänzung,Medizin & Nahrungsergänzung,Medizin & Nahrungsergänzung,Medizin & Nahrungsergänzung,Medizin & Nahrungsergänzung,Medizin & Nahrungsergänzung,Medizin & Nahrungsergänzung,Medizin & Nahrungsergänzung,Medizin & Nahrungsergänzung,Medizin & Nahrungsergänzung,Medizin & Nahrungsergänzung,Medizin & Nahrungsergänzung,Medizin & Nahrungsergänzung,,,,
SUB_30007,MC_30001,Medical supplies & clinic supplies,Medical supplies & clinic supplies,Medical supplies & clinic supplies,Medical supplies & clinic supplies,1,1,1,1,0,1,,Catalog (default),,Sanitätshaus & Klinikbedarf,Sanitätshaus & Klinikbedarf,Sanitätshaus & Klinikbedarf,Sanitätshaus & Klinikbedarf,Sanitätshaus & Klinikbedarf,Sanitätshaus & Klinikbedarf,Sanitätshaus & Klinikbedarf,Sanitätshaus & Klinikbedarf,Sanitätshaus & Klinikbedarf,Sanitätshaus & Klinikbedarf,Sanitätshaus & Klinikbedarf,Sanitätshaus & Klinikbedarf,Sanitätshaus & Klinikbedarf,Sanitätshaus & Klinikbedarf,Sanitätshaus & Klinikbedarf,Sanitätshaus & Klinikbedarf,,,,
MC_40001,demoshop,"Books, Movies, TV Shows & Music","Books, Movies, TV Shows & Music","Books, Movies, TV Shows & Music","Books, Movies, TV Shows & Music",1,1,1,1,0,1,,Catalog (default),,"Bücher, Filme, Serien & Musik","Bücher, Filme, Serien & Musik","Bücher, Filme, Serien & Musik","Bücher, Filme, Serien & Musik","Bücher, Filme, Serien & Musik","Bücher, Filme, Serien & Musik","Bücher, Filme, Serien & Musik","Bücher, Filme, Serien & Musik","Bücher, Filme, Serien & Musik","Bücher, Filme, Serien & Musik","Bücher, Filme, Serien & Musik","Bücher, Filme, Serien & Musik","Bücher, Filme, Serien & Musik","Bücher, Filme, Serien & Musik","Bücher, Filme, Serien & Musik","Bücher, Filme, Serien & Musik",,,,
SUB_40001,MC_40001,Books,Books,Books,Books,1,1,1,1,0,1,,Catalog (default),,Bücher,Bücher,Bücher,Bücher,Bücher,Bücher,Bücher,Bücher,Bücher,Bücher,Bücher,Bücher,Bücher,Bücher,Bücher,Bücher,,,,
SUB_40002,MC_40001,Audio Books,Audio Books,Audio Books,Audio Books,1,1,1,1,0,1,,Catalog (default),,Hörbücher,Hörbücher,Hörbücher,Hörbücher,Hörbücher,Hörbücher,Hörbücher,Hörbücher,Hörbücher,Hörbücher,Hörbücher,Hörbücher,Hörbücher,Hörbücher,Hörbücher,Hörbücher,,,,
SUB_40003,MC_40001,Calendar,Calendar,Calendar,Calendar,1,1,1,1,0,1,,Catalog (default),,Kalender,Kalender,Kalender,Kalender,Kalender,Kalender,Kalender,Kalender,Kalender,Kalender,Kalender,Kalender,Kalender,Kalender,Kalender,Kalender,,,,
SUB_40004,MC_40001,Movies,Movies,Movies,Movies,1,1,1,1,0,1,,Catalog (default),,Filme,Filme,Filme,Filme,Filme,Filme,Filme,Filme,Filme,Filme,Filme,Filme,Filme,Filme,Filme,Filme,,,,
SUB_40005,MC_40001,TV Series,TV Series,TV Series,TV Series,1,1,1,1,0,1,,Catalog (default),,TV Serien,TV Serien,TV Serien,TV Serien,TV Serien,TV Serien,TV Serien,TV Serien,TV Serien,TV Serien,TV Serien,TV Serien,TV Serien,TV Serien,TV Serien,TV Serien,,,,
SUB_40006,MC_40001,Music,Music,Music,Music,1,1,1,1,0,1,,Catalog (default),,Musik,Musik,Musik,Musik,Musik,Musik,Musik,Musik,Musik,Musik,Musik,Musik,Musik,Musik,Musik,Musik,,,,
MC_50001,demoshop,Office Supplies & Stationery,Office Supplies & Stationery,Office Supplies & Stationery,Office Supplies & Stationery,1,1,1,1,0,1,,Catalog (default),,Bürobedarf & Schreibwaren,Bürobedarf & Schreibwaren,Bürobedarf & Schreibwaren,Bürobedarf & Schreibwaren,Bürobedarf & Schreibwaren,Bürobedarf & Schreibwaren,Bürobedarf & Schreibwaren,Bürobedarf & Schreibwaren,Bürobedarf & Schreibwaren,Bürobedarf & Schreibwaren,Bürobedarf & Schreibwaren,Bürobedarf & Schreibwaren,Bürobedarf & Schreibwaren,Bürobedarf & Schreibwaren,Bürobedarf & Schreibwaren,Bürobedarf & Schreibwaren,,,,
SUB_50001,MC_50001,Office equipment,Office equipment,Office equipment,Office equipment,1,1,1,1,0,1,,Catalog (default),,Büroausstattung,Büroausstattung,Büroausstattung,Büroausstattung,Büroausstattung,Büroausstattung,Büroausstattung,Büroausstattung,Büroausstattung,Büroausstattung,Büroausstattung,Büroausstattung,Büroausstattung,Büroausstattung,Büroausstattung,Büroausstattung,,,,
SUB_50002,MC_50001,Office organization,Office organization,Office organization,Office organization,1,1,1,1,0,1,,Catalog (default),,Büroorganisation,Büroorganisation,Büroorganisation,Büroorganisation,Büroorganisation,Büroorganisation,Büroorganisation,Büroorganisation,Büroorganisation,Büroorganisation,Büroorganisation,Büroorganisation,Büroorganisation,Büroorganisation,Büroorganisation,Büroorganisation,,,,
SUB_50003,MC_50001,Gift Boxes & Gift Cards,Gift Boxes & Gift Cards,Gift Boxes & Gift Cards,Gift Boxes & Gift Cards,1,1,1,1,0,1,,Catalog (default),,Geschenkverpackungen & Geschenkkarten,Geschenkverpackungen & Geschenkkarten,Geschenkverpackungen & Geschenkkarten,Geschenkverpackungen & Geschenkkarten,Geschenkverpackungen & Geschenkkarten,Geschenkverpackungen & Geschenkkarten,Geschenkverpackungen & Geschenkkarten,Geschenkverpackungen & Geschenkkarten,Geschenkverpackungen & Geschenkkarten,Geschenkverpackungen & Geschenkkarten,Geschenkverpackungen & Geschenkkarten,Geschenkverpackungen & Geschenkkarten,Geschenkverpackungen & Geschenkkarten,Geschenkverpackungen & Geschenkkarten,Geschenkverpackungen & Geschenkkarten,Geschenkverpackungen & Geschenkkarten,,,,
SUB_50004,MC_50001,Painting & Handicraft supplies,Painting & Handicraft supplies,Painting & Handicraft supplies,Painting & Handicraft supplies,1,1,1,1,0,1,,Catalog (default),,Malbedarf & Bastelbedarf,Malbedarf & Bastelbedarf,Malbedarf & Bastelbedarf,Malbedarf & Bastelbedarf,Malbedarf & Bastelbedarf,Malbedarf & Bastelbedarf,Malbedarf & Bastelbedarf,Malbedarf & Bastelbedarf,Malbedarf & Bastelbedarf,Malbedarf & Bastelbedarf,Malbedarf & Bastelbedarf,Malbedarf & Bastelbedarf,Malbedarf & Bastelbedarf,Malbedarf & Bastelbedarf,Malbedarf & Bastelbedarf,Malbedarf & Bastelbedarf,,,,
SUB_50005,MC_50001,Stationery,Stationery,Stationery,Stationery,1,1,1,1,0,1,,Catalog (default),,Papierwaren,Papierwaren,Papierwaren,Papierwaren,Papierwaren,Papierwaren,Papierwaren,Papierwaren,Papierwaren,Papierwaren,Papierwaren,Papierwaren,Papierwaren,Papierwaren,Papierwaren,Papierwaren,,,,
SUB_50006,MC_50001,Presentation Accessories,Presentation Accessories,Presentation Accessories,Presentation Accessories,1,1,1,1,0,1,,Catalog (default),,Präsentationszubehör,Präsentationszubehör,Präsentationszubehör,Präsentationszubehör,Präsentationszubehör,Präsentationszubehör,Präsentationszubehör,Präsentationszubehör,Präsentationszubehör,Präsentationszubehör,Präsentationszubehör,Präsentationszubehör,Präsentationszubehör,Präsentationszubehör,Präsentationszubehör,Präsentationszubehör,,,,
SUB_50007,MC_50001,"Scissors, Staplers & Glue","Scissors, Staplers & Glue","Scissors, Staplers & Glue","Scissors, Staplers & Glue",1,1,1,1,0,1,,Catalog (default),,"Scheren, Hefter & Kleber","Scheren, Hefter & Kleber","Scheren, Hefter & Kleber","Scheren, Hefter & Kleber","Scheren, Hefter & Kleber","Scheren, Hefter & Kleber","Scheren, Hefter & Kleber","Scheren, Hefter & Kleber","Scheren, Hefter & Kleber","Scheren, Hefter & Kleber","Scheren, Hefter & Kleber","Scheren, Hefter & Kleber","Scheren, Hefter & Kleber","Scheren, Hefter & Kleber","Scheren, Hefter & Kleber","Scheren, Hefter & Kleber",,,,
SUB_50008,MC_50001,Schreibwaren,Stationery,Stationery,Stationery,1,1,1,1,0,1,,Catalog (default),,Schreibwaren,Schreibwaren,Schreibwaren,Schreibwaren,Schreibwaren,Schreibwaren,Schreibwaren,Schreibwaren,Schreibwaren,Schreibwaren,Schreibwaren,Schreibwaren,Schreibwaren,Schreibwaren,Schreibwaren,Schreibwaren,,,,
SUB_50009,MC_50001,School supplies,School supplies,School supplies,School supplies,1,1,1,1,0,1,,Catalog (default),,Schulbedarf,Schulbedarf,Schulbedarf,Schulbedarf,Schulbedarf,Schulbedarf,Schulbedarf,Schulbedarf,Schulbedarf,Schulbedarf,Schulbedarf,Schulbedarf,Schulbedarf,Schulbedarf,Schulbedarf,Schulbedarf,,,,
SUB_50010,MC_50001,Technical Drawing,Technical Drawing,Technical Drawing,Technical Drawing,1,1,1,1,0,1,,Catalog (default),,Technisches Zeichnen,Technisches Zeichnen,Technisches Zeichnen,Technisches Zeichnen,Technisches Zeichnen,Technisches Zeichnen,Technisches Zeichnen,Technisches Zeichnen,Technisches Zeichnen,Technisches Zeichnen,Technisches Zeichnen,Technisches Zeichnen,Technisches Zeichnen,Technisches Zeichnen,Technisches Zeichnen,Technisches Zeichnen,,,,
SUB_50011,MC_50001,Packing & Shipping,Packing & Shipping,Packing & Shipping,Packing & Shipping,1,1,1,1,0,1,,Catalog (default),,Verpackung & Versand,Verpackung & Versand,Verpackung & Versand,Verpackung & Versand,Verpackung & Versand,Verpackung & Versand,Verpackung & Versand,Verpackung & Versand,Verpackung & Versand,Verpackung & Versand,Verpackung & Versand,Verpackung & Versand,Verpackung & Versand,Verpackung & Versand,Verpackung & Versand,Verpackung & Versand,,,,
MC_60001,demoshop,Electronics,Electronics,Electronics,Electronics,1,1,1,1,0,1,,Catalog (default),,Elektronik,Elektronik,Elektronik,Elektronik,Elektronik,Elektronik,Elektronik,Elektronik,Elektronik,Elektronik,Elektronik,Elektronik,Elektronik,Elektronik,Elektronik,Elektronik,,,,
SUB_60001,MC_60001,Accumulators & Batteries,Accumulators & Batteries,Accumulators & Batteries,Accumulators & Batteries,1,1,1,1,0,1,,Catalog (default),,Akkus & Batterien,Akkus & Batterien,Akkus & Batterien,Akkus & Batterien,Akkus & Batterien,Akkus & Batterien,Akkus & Batterien,Akkus & Batterien,Akkus & Batterien,Akkus & Batterien,Akkus & Batterien,Akkus & Batterien,Akkus & Batterien,Akkus & Batterien,Akkus & Batterien,Akkus & Batterien,,,,
SUB_60002,MC_60001,Computer,Computer,Computer,Computer,1,1,1,1,0,1,,Catalog (default),,Computer,Computer,Computer,Computer,Computer,Computer,Computer,Computer,Computer,Computer,Computer,Computer,Computer,Computer,Computer,Computer,,,,
SUB_60002_01,SUB_60002,Notebook,Notebook,Notebook,Notebook,1,1,1,1,0,1,,Catalog (default),,Notebook,Notebook,Notebook,Notebook,Notebook,Notebook,Notebook,Notebook,Notebook,Notebook,Notebook,Notebook,Notebook,Notebook,Notebook,Notebook,,,,
SUB_60002_02,SUB_60002,Tablet,Tablet,Tablet,Tablet,1,1,1,1,0,1,,Catalog (default),,Tablet,Tablet,Tablet,Tablet,Tablet,Tablet,Tablet,Tablet,Tablet,Tablet,Tablet,Tablet,Tablet,Tablet,Tablet,Tablet,,,,
SUB_60002_03,SUB_60002,Monitors,Monitors,Monitors,Monitors,1,1,1,1,0,1,,Catalog (default),,Monitore,Monitore,Monitore,Monitore,Monitore,Monitore,Monitore,Monitore,Monitore,Monitore,Monitore,Monitore,Monitore,Monitore,Monitore,Monitore,,,,
SUB_60002_04,SUB_60002,IT,IT,IT,IT,1,1,1,1,0,1,,Catalog (default),,IT,IT,IT,IT,IT,IT,IT,IT,IT,IT,IT,IT,IT,IT,IT,IT,,,,
SUB_60002_05,SUB_60002,Computer Accessories,Computer Accessories,Computer Accessories,Computer Accessories,1,1,1,1,0,1,,Catalog (default),,Computer-Zubehör,Computer-Zubehör,Computer-Zubehör,Computer-Zubehör,Computer-Zubehör,Computer-Zubehör,Computer-Zubehör,Computer-Zubehör,Computer-Zubehör,Computer-Zubehör,Computer-Zubehör,Computer-Zubehör,Computer-Zubehör,Computer-Zubehör,Computer-Zubehör,Computer-Zubehör,,,,
SUB_60003,MC_60001,Printer & Scanner,Printer & Scanner,Printer & Scanner,Printer & Scanner,1,1,1,1,0,1,,Catalog (default),,Drucker & Scanner,Drucker & Scanner,Drucker & Scanner,Drucker & Scanner,Drucker & Scanner,Drucker & Scanner,Drucker & Scanner,Drucker & Scanner,Drucker & Scanner,Drucker & Scanner,Drucker & Scanner,Drucker & Scanner,Drucker & Scanner,Drucker & Scanner,Drucker & Scanner,Drucker & Scanner,,,,
SUB_60004,MC_60001,E-Book-Reader,E-Book-Reader,E-Book-Reader,E-Book-Reader,1,1,1,1,0,1,,Catalog (default),,E-Book-Reader,E-Book-Reader,E-Book-Reader,E-Book-Reader,E-Book-Reader,E-Book-Reader,E-Book-Reader,E-Book-Reader,E-Book-Reader,E-Book-Reader,E-Book-Reader,E-Book-Reader,E-Book-Reader,E-Book-Reader,E-Book-Reader,E-Book-Reader,,,,
SUB_60005,MC_60001,Photography & Videography,Photography & Videography,Photography & Videography,Photography & Videography,1,1,1,1,0,1,,Catalog (default),,Fotografie & Videografie,Fotografie & Videografie,Fotografie & Videografie,Fotografie & Videografie,Fotografie & Videografie,Fotografie & Videografie,Fotografie & Videografie,Fotografie & Videografie,Fotografie & Videografie,Fotografie & Videografie,Fotografie & Videografie,Fotografie & Videografie,Fotografie & Videografie,Fotografie & Videografie,Fotografie & Videografie,Fotografie & Videografie,,,,
SUB_60006,MC_60001,Gaming & electronic toys,Gaming & electronic toys,Gaming & electronic toys,Gaming & electronic toys,1,1,1,1,0,1,,Catalog (default),,Gaming- & Elektrospielzeug,Gaming- & Elektrospielzeug,Gaming- & Elektrospielzeug,Gaming- & Elektrospielzeug,Gaming- & Elektrospielzeug,Gaming- & Elektrospielzeug,Gaming- & Elektrospielzeug,Gaming- & Elektrospielzeug,Gaming- & Elektrospielzeug,Gaming- & Elektrospielzeug,Gaming- & Elektrospielzeug,Gaming- & Elektrospielzeug,Gaming- & Elektrospielzeug,Gaming- & Elektrospielzeug,Gaming- & Elektrospielzeug,Gaming- & Elektrospielzeug,,,,
SUB_60006_01,SUB_60006,Microsoft,Microsoft,Microsoft,Microsoft,1,1,1,1,0,1,,Catalog (default),,Microsoft,Microsoft,Microsoft,Microsoft,Microsoft,Microsoft,Microsoft,Microsoft,Microsoft,Microsoft,Microsoft,Microsoft,Microsoft,Microsoft,Microsoft,Microsoft,,,,
SUB_60006_02,SUB_60006,Nintendo,Nintendo,Nintendo,Nintendo,1,1,1,1,0,1,,Catalog (default),,Nintendo,Nintendo,Nintendo,Nintendo,Nintendo,Nintendo,Nintendo,Nintendo,Nintendo,Nintendo,Nintendo,Nintendo,Nintendo,Nintendo,Nintendo,Nintendo,,,,
SUB_60006_03,SUB_60006,Sony,Sony,Sony,Sony,1,1,1,1,0,1,,Catalog (default),,Sony,Sony,Sony,Sony,Sony,Sony,Sony,Sony,Sony,Sony,Sony,Sony,Sony,Sony,Sony,Sony,,,,
SUB_60006_04,SUB_60006,Gaming Accessories,Gaming Accessories,Gaming Accessories,Gaming Accessories,1,1,1,1,0,1,,Catalog (default),,Gaming-Zubehör,Gaming-Zubehör,Gaming-Zubehör,Gaming-Zubehör,Gaming-Zubehör,Gaming-Zubehör,Gaming-Zubehör,Gaming-Zubehör,Gaming-Zubehör,Gaming-Zubehör,Gaming-Zubehör,Gaming-Zubehör,Gaming-Zubehör,Gaming-Zubehör,Gaming-Zubehör,Gaming-Zubehör,,,,
SUB_60007,MC_60001,Household Electronics,Household Electronics,Household Electronics,Household Electronics,1,1,1,1,0,1,,Catalog (default),,Haushaltselektronik,Haushaltselektronik,Haushaltselektronik,Haushaltselektronik,Haushaltselektronik,Haushaltselektronik,Haushaltselektronik,Haushaltselektronik,Haushaltselektronik,Haushaltselektronik,Haushaltselektronik,Haushaltselektronik,Haushaltselektronik,Haushaltselektronik,Haushaltselektronik,Haushaltselektronik,,,,
SUB_60007_01,SUB_60007,Kitchen Appliances,Kitchen Appliances,Kitchen Appliances,Kitchen Appliances,1,1,1,1,0,1,,Catalog (default),,Küchengeräte,Küchengeräte,Küchengeräte,Küchengeräte,Küchengeräte,Küchengeräte,Küchengeräte,Küchengeräte,Küchengeräte,Küchengeräte,Küchengeräte,Küchengeräte,Küchengeräte,Küchengeräte,Küchengeräte,Küchengeräte,,,,
SUB_60007_02,SUB_60007,Large electrical appliances,Large electrical appliances,Large electrical appliances,Large electrical appliances,1,1,1,1,0,1,,Catalog (default),,Elektrogroßgeräte,Elektrogroßgeräte,Elektrogroßgeräte,Elektrogroßgeräte,Elektrogroßgeräte,Elektrogroßgeräte,Elektrogroßgeräte,Elektrogroßgeräte,Elektrogroßgeräte,Elektrogroßgeräte,Elektrogroßgeräte,Elektrogroßgeräte,Elektrogroßgeräte,Elektrogroßgeräte,Elektrogroßgeräte,Elektrogroßgeräte,,,,
SUB_60007_03,SUB_60007,Domestic Appliances,Domestic Appliances,Domestic Appliances,Domestic Appliances,1,1,1,1,0,1,,Catalog (default),,Haushaltsgeräte,Haushaltsgeräte,Haushaltsgeräte,Haushaltsgeräte,Haushaltsgeräte,Haushaltsgeräte,Haushaltsgeräte,Haushaltsgeräte,Haushaltsgeräte,Haushaltsgeräte,Haushaltsgeräte,Haushaltsgeräte,Haushaltsgeräte,Haushaltsgeräte,Haushaltsgeräte,Haushaltsgeräte,,,,
SUB_60007_04,SUB_60007,Making Coffee,Making Coffee,Making Coffee,Making Coffee,1,1,1,1,0,1,,Catalog (default),,Kaffeezubereitung,Kaffeezubereitung,Kaffeezubereitung,Kaffeezubereitung,Kaffeezubereitung,Kaffeezubereitung,Kaffeezubereitung,Kaffeezubereitung,Kaffeezubereitung,Kaffeezubereitung,Kaffeezubereitung,Kaffeezubereitung,Kaffeezubereitung,Kaffeezubereitung,Kaffeezubereitung,Kaffeezubereitung,,,,
SUB_60008,MC_60001,"HiFi, TV, Video & Audio","HiFi, TV, Video & Audio","HiFi, TV, Video & Audio","HiFi, TV, Video & Audio",1,1,1,1,0,1,,Catalog (default),,"HiFi, TV, Video & Audio","HiFi, TV, Video & Audio","HiFi, TV, Video & Audio","HiFi, TV, Video & Audio","HiFi, TV, Video & Audio","HiFi, TV, Video & Audio","HiFi, TV, Video & Audio","HiFi, TV, Video & Audio","HiFi, TV, Video & Audio","HiFi, TV, Video & Audio","HiFi, TV, Video & Audio","HiFi, TV, Video & Audio","HiFi, TV, Video & Audio","HiFi, TV, Video & Audio","HiFi, TV, Video & Audio","HiFi, TV, Video & Audio",,,,
SUB_60008_01,SUB_60008,Hifi & Audio,Hifi & Audio,Hifi & Audio,Hifi & Audio,1,1,1,1,0,1,,Catalog (default),,Hifi & Audio,Hifi & Audio,Hifi & Audio,Hifi & Audio,Hifi & Audio,Hifi & Audio,Hifi & Audio,Hifi & Audio,Hifi & Audio,Hifi & Audio,Hifi & Audio,Hifi & Audio,Hifi & Audio,Hifi & Audio,Hifi & Audio,Hifi & Audio,,,,
SUB_60008_02,SUB_60008,TV & Sat,TV & Sat,TV & Sat,TV & Sat,1,1,1,1,0,1,,Catalog (default),,TV & Sat,TV & Sat,TV & Sat,TV & Sat,TV & Sat,TV & Sat,TV & Sat,TV & Sat,TV & Sat,TV & Sat,TV & Sat,TV & Sat,TV & Sat,TV & Sat,TV & Sat,TV & Sat,,,,
SUB_60008_03,SUB_60008,Car Hifi,Car Hifi,Car Hifi,Car Hifi,1,1,1,1,0,1,,Catalog (default),,Car Hifi,Car Hifi,Car Hifi,Car Hifi,Car Hifi,Car Hifi,Car Hifi,Car Hifi,Car Hifi,Car Hifi,Car Hifi,Car Hifi,Car Hifi,Car Hifi,Car Hifi,Car Hifi,,,,
SUB_60008_04,SUB_60008,Audio accessories,Audio accessories,Audio accessories,Audio accessories,1,1,1,1,0,1,,Catalog (default),,Audio-Zubehör,Audio-Zubehör,Audio-Zubehör,Audio-Zubehör,Audio-Zubehör,Audio-Zubehör,Audio-Zubehör,Audio-Zubehör,Audio-Zubehör,Audio-Zubehör,Audio-Zubehör,Audio-Zubehör,Audio-Zubehör,Audio-Zubehör,Audio-Zubehör,Audio-Zubehör,,,,
SUB_60009,MC_60001,Telecommunications & Navigation,Telecommunications & Navigation,Telecommunications & Navigation,Telecommunications & Navigation,1,1,1,1,0,1,,Catalog (default),,Telekommunikation & Navigation,Telekommunikation & Navigation,Telekommunikation & Navigation,Telekommunikation & Navigation,Telekommunikation & Navigation,Telekommunikation & Navigation,Telekommunikation & Navigation,Telekommunikation & Navigation,Telekommunikation & Navigation,Telekommunikation & Navigation,Telekommunikation & Navigation,Telekommunikation & Navigation,Telekommunikation & Navigation,Telekommunikation & Navigation,Telekommunikation & Navigation,Telekommunikation & Navigation,,,,
SUB_60009_01,SUB_60009,Smartphones,Smartphones,Smartphones,Smartphones,1,1,1,1,0,1,,Catalog (default),,Smartphones,Smartphones,Smartphones,Smartphones,Smartphones,Smartphones,Smartphones,Smartphones,Smartphones,Smartphones,Smartphones,Smartphones,Smartphones,Smartphones,Smartphones,Smartphones,,,,
SUB_60009_02,SUB_60009,Smartphone Accessories,Smartphone Accessories,Smartphone Accessories,Smartphone Accessories,1,1,1,1,0,1,,Catalog (default),,Smartphone Zubehör,Smartphone Zubehör,Smartphone Zubehör,Smartphone Zubehör,Smartphone Zubehör,Smartphone Zubehör,Smartphone Zubehör,Smartphone Zubehör,Smartphone Zubehör,Smartphone Zubehör,Smartphone Zubehör,Smartphone Zubehör,Smartphone Zubehör,Smartphone Zubehör,Smartphone Zubehör,Smartphone Zubehör,,,,
SUB_60009_03,SUB_60009,Navigation,Navigation,Navigation,Navigation,1,1,1,1,0,1,,Catalog (default),,Navigation,Navigation,Navigation,Navigation,Navigation,Navigation,Navigation,Navigation,Navigation,Navigation,Navigation,Navigation,Navigation,Navigation,Navigation,Navigation,,,,
SUB_60009_04,SUB_60009,Smartwatch,Smartwatch,Smartwatch,Smartwatch,1,1,1,1,0,1,,Catalog (default),,Smartwatch,Smartwatch,Smartwatch,Smartwatch,Smartwatch,Smartwatch,Smartwatch,Smartwatch,Smartwatch,Smartwatch,Smartwatch,Smartwatch,Smartwatch,Smartwatch,Smartwatch,Smartwatch,,,,
SUB_60010,MC_60001,Electronics Accessories,Electronics Accessories,Electronics Accessories,Electronics Accessories,1,1,1,1,0,1,,Catalog (default),,Elektronik Zubehör,Elektronik Zubehör,Elektronik Zubehör,Elektronik Zubehör,Elektronik Zubehör,Elektronik Zubehör,Elektronik Zubehör,Elektronik Zubehör,Elektronik Zubehör,Elektronik Zubehör,Elektronik Zubehör,Elektronik Zubehör,Elektronik Zubehör,Elektronik Zubehör,Elektronik Zubehör,Elektronik Zubehör,,,,
SUB_60011,MC_60001,Software,Software,Software,Software,1,1,1,1,0,1,,Catalog (default),,Software,Software,Software,Software,Software,Software,Software,Software,Software,Software,Software,Software,Software,Software,Software,Software,,,,
SUB_60014,MC_60001,Body Care & Wellness,Body Care & Wellness,Body Care & Wellness,Body Care & Wellness,1,1,1,1,0,1,,Catalog (default),,Körperpflege & Wellness,Körperpflege & Wellness,Körperpflege & Wellness,Körperpflege & Wellness,Körperpflege & Wellness,Körperpflege & Wellness,Körperpflege & Wellness,Körperpflege & Wellness,Körperpflege & Wellness,Körperpflege & Wellness,Körperpflege & Wellness,Körperpflege & Wellness,Körperpflege & Wellness,Körperpflege & Wellness,Körperpflege & Wellness,Körperpflege & Wellness,,,,
SUB_60014_01,SUB_60014,Beard trimmers & hair clippers,Beard trimmers & hair clippers,Beard trimmers & hair clippers,Beard trimmers & hair clippers,1,1,1,1,0,1,,Catalog (default),,Bartschneider & Haarschneider,Bartschneider & Haarschneider,Bartschneider & Haarschneider,Bartschneider & Haarschneider,Bartschneider & Haarschneider,Bartschneider & Haarschneider,Bartschneider & Haarschneider,Bartschneider & Haarschneider,Bartschneider & Haarschneider,Bartschneider & Haarschneider,Bartschneider & Haarschneider,Bartschneider & Haarschneider,Bartschneider & Haarschneider,Bartschneider & Haarschneider,Bartschneider & Haarschneider,Bartschneider & Haarschneider,,,,
SUB_60014_02,SUB_60014,Electric toothbrushes,Electric toothbrushes,Electric toothbrushes,Electric toothbrushes,1,1,1,1,0,1,,Catalog (default),,Elektronische Zahnbürsten,Elektronische Zahnbürsten,Elektronische Zahnbürsten,Elektronische Zahnbürsten,Elektronische Zahnbürsten,Elektronische Zahnbürsten,Elektronische Zahnbürsten,Elektronische Zahnbürsten,Elektronische Zahnbürsten,Elektronische Zahnbürsten,Elektronische Zahnbürsten,Elektronische Zahnbürsten,Elektronische Zahnbürsten,Elektronische Zahnbürsten,Elektronische Zahnbürsten,Elektronische Zahnbürsten,,,,
SUB_60014_03,SUB_60014,Hair care,Hair care,Hair care,Hair care,1,1,1,1,0,1,,Catalog (default),,Haarpflege,Haarpflege,Haarpflege,Haarpflege,Haarpflege,Haarpflege,Haarpflege,Haarpflege,Haarpflege,Haarpflege,Haarpflege,Haarpflege,Haarpflege,Haarpflege,Haarpflege,Haarpflege,,,,
MC_70001,demoshop,Food & Drink,Food & Drink,Food & Drink,Food & Drink,1,1,1,1,0,1,,Catalog (default),,Essen & Trinken,Essen & Trinken,Essen & Trinken,Essen & Trinken,Essen & Trinken,Essen & Trinken,Essen & Trinken,Essen & Trinken,Essen & Trinken,Essen & Trinken,Essen & Trinken,Essen & Trinken,Essen & Trinken,Essen & Trinken,Essen & Trinken,Essen & Trinken,,,,
SUB_70001,MC_70001,Beverages,Beverages,Beverages,Beverages,1,1,1,1,0,1,,Catalog (default),,Getränke,Getränke,Getränke,Getränke,Getränke,Getränke,Getränke,Getränke,Getränke,Getränke,Getränke,Getränke,Getränke,Getränke,Getränke,Getränke,,,,
SUB_70001_01,SUB_70001,Alcohol,Alcohol,Alcohol,Alcohol,1,1,1,1,0,1,,Catalog (default),,Alkohol,Alkohol,Alkohol,Alkohol,Alkohol,Alkohol,Alkohol,Alkohol,Alkohol,Alkohol,Alkohol,Alkohol,Alkohol,Alkohol,Alkohol,Alkohol,,,,
SUB_70001_02,SUB_70001,Alcohol-free,Alcohol-free,Alcohol-free,Alcohol-free,1,1,1,1,0,1,,Catalog (default),,Alkoholfrei,Alkoholfrei,Alkoholfrei,Alkoholfrei,Alkoholfrei,Alkoholfrei,Alkoholfrei,Alkoholfrei,Alkoholfrei,Alkoholfrei,Alkoholfrei,Alkoholfrei,Alkoholfrei,Alkoholfrei,Alkoholfrei,Alkoholfrei,,,,
SUB_70002,MC_70001,Food,Food,Food,Food,1,1,1,1,0,1,,Catalog (default),,Lebensmittel,Lebensmittel,Lebensmittel,Lebensmittel,Lebensmittel,Lebensmittel,Lebensmittel,Lebensmittel,Lebensmittel,Lebensmittel,Lebensmittel,Lebensmittel,Lebensmittel,Lebensmittel,Lebensmittel,Lebensmittel,,,,
SUB_70003,MC_70001,Sweets & Snacks,Sweets & Snacks,Sweets & Snacks,Sweets & Snacks,1,1,1,1,0,1,,Catalog (default),,Süßigkeiten & Knabbereien,Süßigkeiten & Knabbereien,Süßigkeiten & Knabbereien,Süßigkeiten & Knabbereien,Süßigkeiten & Knabbereien,Süßigkeiten & Knabbereien,Süßigkeiten & Knabbereien,Süßigkeiten & Knabbereien,Süßigkeiten & Knabbereien,Süßigkeiten & Knabbereien,Süßigkeiten & Knabbereien,Süßigkeiten & Knabbereien,Süßigkeiten & Knabbereien,Süßigkeiten & Knabbereien,Süßigkeiten & Knabbereien,Süßigkeiten & Knabbereien,,,,
SUB_70003_01,SUB_70003,Sweet,Sweet,Sweet,Sweet,1,0,1,0,0,1,,Catalog (default),,Süss,Süss,Süss,Süss,Süss,Süss,Süss,Süss,Süss,Süss,Süss,Süss,Süss,Süss,Süss,Süss,,,,
SUB_70003_02,SUB_70003,Salty,Salty,Salty,Salty,1,0,1,0,0,1,,Catalog (default),,Salzig,Salzig,Salzig,Salzig,Salzig,Salzig,Salzig,Salzig,Salzig,Salzig,Salzig,Salzig,Salzig,Salzig,Salzig,Salzig,,,,
SUB_70003_03,SUB_70003,Sour,Sour,Sour,Sour,1,0,1,0,0,1,,Catalog (default),,Sauer,Sauer,Sauer,Sauer,Sauer,Sauer,Sauer,Sauer,Sauer,Sauer,Sauer,Sauer,Sauer,Sauer,Sauer,Sauer,,,,
MC_80001,demoshop,Home & Garden,Home & Garden,Home & Garden,Home & Garden,1,1,1,1,0,1,,Catalog (default),,Haus & Garten,Haus & Garten,Haus & Garten,Haus & Garten,Haus & Garten,Haus & Garten,Haus & Garten,Haus & Garten,Haus & Garten,Haus & Garten,Haus & Garten,Haus & Garten,Haus & Garten,Haus & Garten,Haus & Garten,Haus & Garten,,,,
SUB_80001,MC_80001,Bathroom,Bathroom,Bathroom,Bathroom,1,1,1,1,0,1,,Catalog (default),,Badezimmer,Badezimmer,Badezimmer,Badezimmer,Badezimmer,Badezimmer,Badezimmer,Badezimmer,Badezimmer,Badezimmer,Badezimmer,Badezimmer,Badezimmer,Badezimmer,Badezimmer,Badezimmer,,,,
SUB_80002,MC_80001,Lighting,Lighting,Lighting,Lighting,1,1,1,1,0,1,,Catalog (default),,Beleuchtung,Beleuchtung,Beleuchtung,Beleuchtung,Beleuchtung,Beleuchtung,Beleuchtung,Beleuchtung,Beleuchtung,Beleuchtung,Beleuchtung,Beleuchtung,Beleuchtung,Beleuchtung,Beleuchtung,Beleuchtung,,,,
SUB_80002_01,SUB_80002,Indoor lights,Indoor lights,Indoor lights,Indoor lights,1,0,1,0,0,1,,Catalog (default),,Innenleuchten,Innenleuchten,Innenleuchten,Innenleuchten,Innenleuchten,Innenleuchten,Innenleuchten,Innenleuchten,Innenleuchten,Innenleuchten,Innenleuchten,Innenleuchten,Innenleuchten,Innenleuchten,Innenleuchten,Innenleuchten,,,,
SUB_80002_02,SUB_80002,Outdoor lights,Outdoor lights,Outdoor lights,Outdoor lights,1,0,1,0,0,1,,Catalog (default),,Außenleuchten,Außenleuchten,Außenleuchten,Außenleuchten,Außenleuchten,Außenleuchten,Außenleuchten,Außenleuchten,Außenleuchten,Außenleuchten,Außenleuchten,Außenleuchten,Außenleuchten,Außenleuchten,Außenleuchten,Außenleuchten,,,,
SUB_80002_03,SUB_80002,Bulbs,Bulbs,Bulbs,Bulbs,1,0,1,0,0,1,,Catalog (default),,Leuchtmittel,Leuchtmittel,Leuchtmittel,Leuchtmittel,Leuchtmittel,Leuchtmittel,Leuchtmittel,Leuchtmittel,Leuchtmittel,Leuchtmittel,Leuchtmittel,Leuchtmittel,Leuchtmittel,Leuchtmittel,Leuchtmittel,Leuchtmittel,,,,
SUB_80003,MC_80001,Decoration & Seasonal Items,Decoration & Seasonal Items,Decoration & Seasonal Items,Decoration & Seasonal Items,1,1,1,1,0,1,,Catalog (default),,Dekoration & Saisonartikel,Dekoration & Saisonartikel,Dekoration & Saisonartikel,Dekoration & Saisonartikel,Dekoration & Saisonartikel,Dekoration & Saisonartikel,Dekoration & Saisonartikel,Dekoration & Saisonartikel,Dekoration & Saisonartikel,Dekoration & Saisonartikel,Dekoration & Saisonartikel,Dekoration & Saisonartikel,Dekoration & Saisonartikel,Dekoration & Saisonartikel,Dekoration & Saisonartikel,Dekoration & Saisonartikel,,,,
SUB_80004,MC_80001,Garden,Garden,Garden,Garden,1,1,1,1,0,1,,Catalog (default),,Garten,Garten,Garten,Garten,Garten,Garten,Garten,Garten,Garten,Garten,Garten,Garten,Garten,Garten,Garten,Garten,,,,
SUB_80004_01,SUB_80004,Barbeque,Barbeque,Barbeque,Barbeque,1,1,1,1,0,1,,Catalog (default),,Grillen,Grillen,Grillen,Grillen,Grillen,Grillen,Grillen,Grillen,Grillen,Grillen,Grillen,Grillen,Grillen,Grillen,Grillen,Grillen,,,,
SUB_80004_02,SUB_80004,Garden Tools,Garden Tools,Garden Tools,Garden Tools,1,1,1,1,0,1,,Catalog (default),,Gartenwerkzeug,Gartenwerkzeug,Gartenwerkzeug,Gartenwerkzeug,Gartenwerkzeug,Gartenwerkzeug,Gartenwerkzeug,Gartenwerkzeug,Gartenwerkzeug,Gartenwerkzeug,Gartenwerkzeug,Gartenwerkzeug,Gartenwerkzeug,Gartenwerkzeug,Gartenwerkzeug,Gartenwerkzeug,,,,
SUB_80004_03,SUB_80004,Garden Furniture,Garden Furniture,Garden Furniture,Garden Furniture,1,1,1,1,0,1,,Catalog (default),,Gartenmöbel,Gartenmöbel,Gartenmöbel,Gartenmöbel,Gartenmöbel,Gartenmöbel,Gartenmöbel,Gartenmöbel,Gartenmöbel,Gartenmöbel,Gartenmöbel,Gartenmöbel,Gartenmöbel,Gartenmöbel,Gartenmöbel,Gartenmöbel,,,,
SUB_80004_04,SUB_80004,Plants & Trees,Plants & Trees,Plants & Trees,Plants & Trees,1,1,1,1,0,1,,Catalog (default),,Pflanzen & Bäume,Pflanzen & Bäume,Pflanzen & Bäume,Pflanzen & Bäume,Pflanzen & Bäume,Pflanzen & Bäume,Pflanzen & Bäume,Pflanzen & Bäume,Pflanzen & Bäume,Pflanzen & Bäume,Pflanzen & Bäume,Pflanzen & Bäume,Pflanzen & Bäume,Pflanzen & Bäume,Pflanzen & Bäume,Pflanzen & Bäume,,,,
SUB_80004_05,SUB_80004,Planting Accessories,Planting Accessories,Planting Accessories,Planting Accessories,1,1,1,1,0,1,,Catalog (default),,Pflanzzubehör,Pflanzzubehör,Pflanzzubehör,Pflanzzubehör,Pflanzzubehör,Pflanzzubehör,Pflanzzubehör,Pflanzzubehör,Pflanzzubehör,Pflanzzubehör,Pflanzzubehör,Pflanzzubehör,Pflanzzubehör,Pflanzzubehör,Pflanzzubehör,Pflanzzubehör,,,,
SUB_80004_06,SUB_80004,Pool Technology,Pool Technology,Pool Technology,Pool Technology,1,1,1,1,0,1,,Catalog (default),,Pooltechnik,Pooltechnik,Pooltechnik,Pooltechnik,Pooltechnik,Pooltechnik,Pooltechnik,Pooltechnik,Pooltechnik,Pooltechnik,Pooltechnik,Pooltechnik,Pooltechnik,Pooltechnik,Pooltechnik,Pooltechnik,,,,
SUB_80005,MC_80001,Household goods,Household goods,Household goods,Household goods,1,1,1,1,0,1,,Catalog (default),,Haushaltswaren,Haushaltswaren,Haushaltswaren,Haushaltswaren,Haushaltswaren,Haushaltswaren,Haushaltswaren,Haushaltswaren,Haushaltswaren,Haushaltswaren,Haushaltswaren,Haushaltswaren,Haushaltswaren,Haushaltswaren,Haushaltswaren,Haushaltswaren,,,,
SUB_80006,MC_80001,Home textiles,Home textiles,Home textiles,Home textiles,1,1,1,1,0,1,,Catalog (default),,Heimtextilien,Heimtextilien,Heimtextilien,Heimtextilien,Heimtextilien,Heimtextilien,Heimtextilien,Heimtextilien,Heimtextilien,Heimtextilien,Heimtextilien,Heimtextilien,Heimtextilien,Heimtextilien,Heimtextilien,Heimtextilien,,,,
SUB_80007,MC_80001,Home improvement / DIY,Home improvement / DIY,Home improvement / DIY,Home improvement / DIY,1,1,1,1,0,1,,Catalog (default),,Heimwerken,Heimwerken,Heimwerken,Heimwerken,Heimwerken,Heimwerken,Heimwerken,Heimwerken,Heimwerken,Heimwerken,Heimwerken,Heimwerken,Heimwerken,Heimwerken,Heimwerken,Heimwerken,,,,
SUB_80007_01,SUB_80007,Electric Tools,Electric Tools,Electric Tools,Electric Tools,1,1,1,1,0,1,,Catalog (default),,Elektrowerkzeuge,Elektrowerkzeuge,Elektrowerkzeuge,Elektrowerkzeuge,Elektrowerkzeuge,Elektrowerkzeuge,Elektrowerkzeuge,Elektrowerkzeuge,Elektrowerkzeuge,Elektrowerkzeuge,Elektrowerkzeuge,Elektrowerkzeuge,Elektrowerkzeuge,Elektrowerkzeuge,Elektrowerkzeuge,Elektrowerkzeuge,,,,
SUB_80007_02,SUB_80007,Hand Tools,Hand Tools,Hand Tools,Hand Tools,1,1,1,1,0,1,,Catalog (default),,Handwerkzeuge,Handwerkzeuge,Handwerkzeuge,Handwerkzeuge,Handwerkzeuge,Handwerkzeuge,Handwerkzeuge,Handwerkzeuge,Handwerkzeuge,Handwerkzeuge,Handwerkzeuge,Handwerkzeuge,Handwerkzeuge,Handwerkzeuge,Handwerkzeuge,Handwerkzeuge,,,,
SUB_80007_03,SUB_80007,Tool Accessories,Tool Accessories,Tool Accessories,Tool Accessories,1,1,1,1,0,1,,Catalog (default),,Werkzeugzubehör,Werkzeugzubehör,Werkzeugzubehör,Werkzeugzubehör,Werkzeugzubehör,Werkzeugzubehör,Werkzeugzubehör,Werkzeugzubehör,Werkzeugzubehör,Werkzeugzubehör,Werkzeugzubehör,Werkzeugzubehör,Werkzeugzubehör,Werkzeugzubehör,Werkzeugzubehör,Werkzeugzubehör,,,,
SUB_80007_04,SUB_80007,Building needs,Building needs,Building needs,Building needs,1,1,1,1,0,1,,Catalog (default),,Baubedarf,Baubedarf,Baubedarf,Baubedarf,Baubedarf,Baubedarf,Baubedarf,Baubedarf,Baubedarf,Baubedarf,Baubedarf,Baubedarf,Baubedarf,Baubedarf,Baubedarf,Baubedarf,,,,
SUB_80007_05,SUB_80007,Electrics,Electrics,Electrics,Electrics,1,1,1,1,0,1,,Catalog (default),,Elektrik,Elektrik,Elektrik,Elektrik,Elektrik,Elektrik,Elektrik,Elektrik,Elektrik,Elektrik,Elektrik,Elektrik,Elektrik,Elektrik,Elektrik,Elektrik,,,,
SUB_80007_06,SUB_80007,Ironmongery,Ironmongery,Ironmongery,Ironmongery,1,1,1,1,0,1,,Catalog (default),,Eisenwaren,Eisenwaren,Eisenwaren,Eisenwaren,Eisenwaren,Eisenwaren,Eisenwaren,Eisenwaren,Eisenwaren,Eisenwaren,Eisenwaren,Eisenwaren,Eisenwaren,Eisenwaren,Eisenwaren,Eisenwaren,,,,
SUB_80007_07,SUB_80007,Painting & Renovating,Painting & Renovating,Painting & Renovating,Painting & Renovating,1,1,1,1,0,1,,Catalog (default),,Malen & Renovieren,Malen & Renovieren,Malen & Renovieren,Malen & Renovieren,Malen & Renovieren,Malen & Renovieren,Malen & Renovieren,Malen & Renovieren,Malen & Renovieren,Malen & Renovieren,Malen & Renovieren,Malen & Renovieren,Malen & Renovieren,Malen & Renovieren,Malen & Renovieren,Malen & Renovieren,,,,
SUB_80008,MC_80001,Kitchen,Kitchen,Kitchen,Kitchen,1,1,1,1,0,1,,Catalog (default),,Küche,Küche,Küche,Küche,Küche,Küche,Küche,Küche,Küche,Küche,Küche,Küche,Küche,Küche,Küche,Küche,,,,
SUB_80009,MC_80001,Indoor climate,Indoor climate,Indoor climate,Indoor climate,1,1,1,1,0,1,,Catalog (default),,Raumklima,Raumklima,Raumklima,Raumklima,Raumklima,Raumklima,Raumklima,Raumklima,Raumklima,Raumklima,Raumklima,Raumklima,Raumklima,Raumklima,Raumklima,Raumklima,,,,
SUB_80010,MC_80001,Furniture,Furniture,Furniture,Furniture,1,1,1,1,0,1,,Catalog (default),,Möbel,Möbel,Möbel,Möbel,Möbel,Möbel,Möbel,Möbel,Möbel,Möbel,Möbel,Möbel,Möbel,Möbel,Möbel,Möbel,,,,
SUB_80010_01,SUB_80010,Kitchen Furniture,Kitchen Furniture,Kitchen Furniture,Kitchen Furniture,1,1,1,1,0,1,,Catalog (default),,Küchenmöbel,Küchenmöbel,Küchenmöbel,Küchenmöbel,Küchenmöbel,Küchenmöbel,Küchenmöbel,Küchenmöbel,Küchenmöbel,Küchenmöbel,Küchenmöbel,Küchenmöbel,Küchenmöbel,Küchenmöbel,Küchenmöbel,Küchenmöbel,,,,
SUB_80010_02,SUB_80010,Bedroom Furniture,Bedroom Furniture,Bedroom Furniture,Bedroom Furniture,1,1,1,1,0,1,,Catalog (default),,Schlafzimmermöbel,Schlafzimmermöbel,Schlafzimmermöbel,Schlafzimmermöbel,Schlafzimmermöbel,Schlafzimmermöbel,Schlafzimmermöbel,Schlafzimmermöbel,Schlafzimmermöbel,Schlafzimmermöbel,Schlafzimmermöbel,Schlafzimmermöbel,Schlafzimmermöbel,Schlafzimmermöbel,Schlafzimmermöbel,Schlafzimmermöbel,,,,
SUB_80010_03,SUB_80010,Living Room Furniture,Living Room Furniture,Living Room Furniture,Living Room Furniture,1,1,1,1,0,1,,Catalog (default),,Wohnzimmermöbel,Wohnzimmermöbel,Wohnzimmermöbel,Wohnzimmermöbel,Wohnzimmermöbel,Wohnzimmermöbel,Wohnzimmermöbel,Wohnzimmermöbel,Wohnzimmermöbel,Wohnzimmermöbel,Wohnzimmermöbel,Wohnzimmermöbel,Wohnzimmermöbel,Wohnzimmermöbel,Wohnzimmermöbel,Wohnzimmermöbel,,,,
SUB_80010_04,SUB_80010,Dining Room Furniture,Dining Room Furniture,Dining Room Furniture,Dining Room Furniture,1,1,1,1,0,1,,Catalog (default),,Esszimmermöbel,Esszimmermöbel,Esszimmermöbel,Esszimmermöbel,Esszimmermöbel,Esszimmermöbel,Esszimmermöbel,Esszimmermöbel,Esszimmermöbel,Esszimmermöbel,Esszimmermöbel,Esszimmermöbel,Esszimmermöbel,Esszimmermöbel,Esszimmermöbel,Esszimmermöbel,,,,
SUB_80010_05,SUB_80010,Working Space Furniture,Working Space Furniture,Working Space Furniture,Working Space Furniture,1,1,1,1,0,1,,Catalog (default),,Arbeitszimmermöbel,Arbeitszimmermöbel,Arbeitszimmermöbel,Arbeitszimmermöbel,Arbeitszimmermöbel,Arbeitszimmermöbel,Arbeitszimmermöbel,Arbeitszimmermöbel,Arbeitszimmermöbel,Arbeitszimmermöbel,Arbeitszimmermöbel,Arbeitszimmermöbel,Arbeitszimmermöbel,Arbeitszimmermöbel,Arbeitszimmermöbel,Arbeitszimmermöbel,,,,
SUB_80010_06,SUB_80010,Kids Room Furniture,Kids Room Furniture,Kids Room Furniture,Kids Room Furniture,1,1,1,1,0,1,,Catalog (default),,Kinderzimmermöbel,Kinderzimmermöbel,Kinderzimmermöbel,Kinderzimmermöbel,Kinderzimmermöbel,Kinderzimmermöbel,Kinderzimmermöbel,Kinderzimmermöbel,Kinderzimmermöbel,Kinderzimmermöbel,Kinderzimmermöbel,Kinderzimmermöbel,Kinderzimmermöbel,Kinderzimmermöbel,Kinderzimmermöbel,Kinderzimmermöbel,,,,
SUB_80010_07,SUB_80010,Bath Furniture,Bath Furniture,Bath Furniture,Bath Furniture,1,1,1,1,0,1,,Catalog (default),,Badezimmer Möbel,Badezimmer Möbel,Badezimmer Möbel,Badezimmer Möbel,Badezimmer Möbel,Badezimmer Möbel,Badezimmer Möbel,Badezimmer Möbel,Badezimmer Möbel,Badezimmer Möbel,Badezimmer Möbel,Badezimmer Möbel,Badezimmer Möbel,Badezimmer Möbel,Badezimmer Möbel,Badezimmer Möbel,,,,
SUB_80010_08,SUB_80010,Hall Furniture,Hall Furniture,Hall Furniture,Hall Furniture,1,1,1,1,0,1,,Catalog (default),,Flur Möbel,Flur Möbel,Flur Möbel,Flur Möbel,Flur Möbel,Flur Möbel,Flur Möbel,Flur Möbel,Flur Möbel,Flur Möbel,Flur Möbel,Flur Möbel,Flur Möbel,Flur Möbel,Flur Möbel,Flur Möbel,,,,
MC_90001,demoshop,Merchandise,Merchandise,Merchandise,Merchandise,1,1,1,1,0,1,,Catalog (default),,Merchandise,Merchandise,Merchandise,Merchandise,Merchandise,Merchandise,Merchandise,Merchandise,Merchandise,Merchandise,Merchandise,Merchandise,Merchandise,Merchandise,Merchandise,Merchandise,,,,
SUB_90001,MC_90001,Book world,Book world,Book world,Book world,1,1,1,1,0,1,,Catalog (default),,Buchwelt,Buchwelt,Buchwelt,Buchwelt,Buchwelt,Buchwelt,Buchwelt,Buchwelt,Buchwelt,Buchwelt,Buchwelt,Buchwelt,Buchwelt,Buchwelt,Buchwelt,Buchwelt,,,,
SUB_90002,MC_90001,Film world,Film world,Film world,Film world,1,1,1,1,0,1,,Catalog (default),,Filmwelt,Filmwelt,Filmwelt,Filmwelt,Filmwelt,Filmwelt,Filmwelt,Filmwelt,Filmwelt,Filmwelt,Filmwelt,Filmwelt,Filmwelt,Filmwelt,Filmwelt,Filmwelt,,,,
SUB_90003,MC_90001,Gaming World,Gaming World,Gaming World,Gaming World,1,1,1,1,0,1,,Catalog (default),,Gamingwelt,Gamingwelt,Gamingwelt,Gamingwelt,Gamingwelt,Gamingwelt,Gamingwelt,Gamingwelt,Gamingwelt,Gamingwelt,Gamingwelt,Gamingwelt,Gamingwelt,Gamingwelt,Gamingwelt,Gamingwelt,,,,
SUB_90004,MC_90001,Music World,Music World,Music World,Music World,1,1,1,1,0,1,,Catalog (default),,Musikwelt,Musikwelt,Musikwelt,Musikwelt,Musikwelt,Musikwelt,Musikwelt,Musikwelt,Musikwelt,Musikwelt,Musikwelt,Musikwelt,Musikwelt,Musikwelt,Musikwelt,Musikwelt,,,,
SUB_90005,MC_90001,Series world,Series world,Series world,Series world,1,1,1,1,0,1,,Catalog (default),,Serienwelt,Serienwelt,Serienwelt,Serienwelt,Serienwelt,Serienwelt,Serienwelt,Serienwelt,Serienwelt,Serienwelt,Serienwelt,Serienwelt,Serienwelt,Serienwelt,Serienwelt,Serienwelt,,,,
SUB_90006,MC_90001,Fan articles,Fan articles,Fan articles,Fan articles,1,1,1,1,0,1,,Catalog (default),,Fanartikel,Fanartikel,Fanartikel,Fanartikel,Fanartikel,Fanartikel,Fanartikel,Fanartikel,Fanartikel,Fanartikel,Fanartikel,Fanartikel,Fanartikel,Fanartikel,Fanartikel,Fanartikel,,,,
SUB_90006_01,SUB_90006,Kitchen Appliances,Kitchen Appliances,Kitchen Appliances,Kitchen Appliances,1,1,1,1,0,1,,Catalog (default),,myWorld,myWorld,myWorld,myWorld,myWorld,myWorld,myWorld,myWorld,myWorld,myWorld,myWorld,myWorld,myWorld,myWorld,myWorld,myWorld,,,,
SUB_90006_01_01,SUB_90006_01,Lyconet,Lyconet,Lyconet,Lyconet,1,1,1,1,0,1,,Catalog (default),,Lyconet,Lyconet,Lyconet,Lyconet,Lyconet,Lyconet,Lyconet,Lyconet,Lyconet,Lyconet,Lyconet,Lyconet,Lyconet,Lyconet,Lyconet,Lyconet,,,,
SUB_90006_01_01a,SUB_90006_01_01,Top-Seller,Top-Seller,Top-Seller,Top-Seller,1,0,1,0,0,1,,Catalog (default),,Top-Seller,Top-Seller,Top-Seller,Top-Seller,Top-Seller,Top-Seller,Top-Seller,Top-Seller,Top-Seller,Top-Seller,Top-Seller,Top-Seller,Top-Seller,Top-Seller,Top-Seller,Top-Seller,,,,
SUB_90006_01_01b,SUB_90006_01_01,Travel,Travel,Travel,Travel,1,0,1,0,0,1,,Catalog (default),,Travel,Travel,Travel,Travel,Travel,Travel,Travel,Travel,Travel,Travel,Travel,Travel,Travel,Travel,Travel,Travel,,,,
SUB_90006_01_01c,SUB_90006_01_01,Clothing,Clothing,Clothing,Clothing,1,0,1,0,0,1,,Catalog (default),,Clothing,Clothing,Clothing,Clothing,Clothing,Clothing,Clothing,Clothing,Clothing,Clothing,Clothing,Clothing,Clothing,Clothing,Clothing,Clothing,,,,
SUB_90006_01_01d,SUB_90006_01_01,CFF,CFF,CFF,CFF,1,0,1,0,0,1,,Catalog (default),,CFF,CFF,CFF,CFF,CFF,CFF,CFF,CFF,CFF,CFF,CFF,CFF,CFF,CFF,CFF,CFF,,,,
SUB_90006_01_01e,SUB_90006_01_01,Eventbranding,Eventbranding,Eventbranding,Eventbranding,1,0,1,0,0,1,,Catalog (default),,Eventbranding,Eventbranding,Eventbranding,Eventbranding,Eventbranding,Eventbranding,Eventbranding,Eventbranding,Eventbranding,Eventbranding,Eventbranding,Eventbranding,Eventbranding,Eventbranding,Eventbranding,Eventbranding,,,,
SUB_90006_01_01f,SUB_90006_01_01,Office,Office,Office,Office,1,0,1,0,0,1,,Catalog (default),,Office,Office,Office,Office,Office,Office,Office,Office,Office,Office,Office,Office,Office,Office,Office,Office,,,,
SUB_90006_01_02,SUB_90006_01,EliteClub,EliteClub,EliteClub,EliteClub,1,1,1,1,0,1,,Catalog (default),,EliteClub,EliteClub,EliteClub,EliteClub,EliteClub,EliteClub,EliteClub,EliteClub,EliteClub,EliteClub,EliteClub,EliteClub,EliteClub,EliteClub,EliteClub,EliteClub,,,,
SUB_90007,MC_90001,all other worlds,all other worlds,all other worlds,all other worlds,1,1,1,1,0,1,,Catalog (default),,alle anderen Welten,alle anderen Welten,alle anderen Welten,alle anderen Welten,alle anderen Welten,alle anderen Welten,alle anderen Welten,alle anderen Welten,alle anderen Welten,alle anderen Welten,alle anderen Welten,alle anderen Welten,alle anderen Welten,alle anderen Welten,alle anderen Welten,alle anderen Welten,,,,
MC_11001,demoshop,Fashion & Accessories,Fashion & Accessories,Fashion & Accessories,Fashion & Accessories,1,1,1,1,0,1,,Catalog (default),,Mode & Accessoires,Mode & Accessoires,Mode & Accessoires,Mode & Accessoires,Mode & Accessoires,Mode & Accessoires,Mode & Accessoires,Mode & Accessoires,Mode & Accessoires,Mode & Accessoires,Mode & Accessoires,Mode & Accessoires,Mode & Accessoires,Mode & Accessoires,Mode & Accessoires,Mode & Accessoires,,,,
SUB_11001,MC_11001,Accessories,Accessories,Accessories,Accessories,1,1,1,1,0,1,,Catalog (default),,Accessories,Accessories,Accessories,Accessories,Accessories,Accessories,Accessories,Accessories,Accessories,Accessories,Accessories,Accessories,Accessories,Accessories,Accessories,Accessories,,,,
SUB_11001_01,SUB_11001,Gloves,Gloves,Gloves,Gloves,1,1,1,1,0,1,,Catalog (default),,Handschuhe,Handschuhe,Handschuhe,Handschuhe,Handschuhe,Handschuhe,Handschuhe,Handschuhe,Handschuhe,Handschuhe,Handschuhe,Handschuhe,Handschuhe,Handschuhe,Handschuhe,Handschuhe,,,,
SUB_11001_02,SUB_11001,Belt,Belt,Belt,Belt,1,1,1,1,0,1,,Catalog (default),,Gürtel,Gürtel,Gürtel,Gürtel,Gürtel,Gürtel,Gürtel,Gürtel,Gürtel,Gürtel,Gürtel,Gürtel,Gürtel,Gürtel,Gürtel,Gürtel,,,,
SUB_11001_03,SUB_11001,Ties & Pocket Square,Ties & Pocket Square,Ties & Pocket Square,Ties & Pocket Square,1,1,1,1,0,1,,Catalog (default),,Krawatten & Stecktücher,Krawatten & Stecktücher,Krawatten & Stecktücher,Krawatten & Stecktücher,Krawatten & Stecktücher,Krawatten & Stecktücher,Krawatten & Stecktücher,Krawatten & Stecktücher,Krawatten & Stecktücher,Krawatten & Stecktücher,Krawatten & Stecktücher,Krawatten & Stecktücher,Krawatten & Stecktücher,Krawatten & Stecktücher,Krawatten & Stecktücher,Krawatten & Stecktücher,,,,
SUB_11001_04,SUB_11001,Sunglasses,Sunglasses,Sunglasses,Sunglasses,1,1,1,1,0,1,,Catalog (default),,Sonnenbrillen,Sonnenbrillen,Sonnenbrillen,Sonnenbrillen,Sonnenbrillen,Sonnenbrillen,Sonnenbrillen,Sonnenbrillen,Sonnenbrillen,Sonnenbrillen,Sonnenbrillen,Sonnenbrillen,Sonnenbrillen,Sonnenbrillen,Sonnenbrillen,Sonnenbrillen,,,,
SUB_11002,MC_11001,Clothing for Babies,Clothing for Babies,Clothing for Babies,Clothing for Babies,1,1,1,1,0,1,,Catalog (default),,Bekleidung für Babys,Bekleidung für Babys,Bekleidung für Babys,Bekleidung für Babys,Bekleidung für Babys,Bekleidung für Babys,Bekleidung für Babys,Bekleidung für Babys,Bekleidung für Babys,Bekleidung für Babys,Bekleidung für Babys,Bekleidung für Babys,Bekleidung für Babys,Bekleidung für Babys,Bekleidung für Babys,Bekleidung für Babys,,,,
SUB_11003,MC_11001,Clothes for Women,Clothes for Women,Clothes for Women,Clothes for Women,1,1,1,1,0,1,,Catalog (default),,Bekleidung für Damen,Bekleidung für Damen,Bekleidung für Damen,Bekleidung für Damen,Bekleidung für Damen,Bekleidung für Damen,Bekleidung für Damen,Bekleidung für Damen,Bekleidung für Damen,Bekleidung für Damen,Bekleidung für Damen,Bekleidung für Damen,Bekleidung für Damen,Bekleidung für Damen,Bekleidung für Damen,Bekleidung für Damen,,,,
SUB_11003_01,SUB_11003,Ladies Jackets & Coats,Ladies Jackets & Coats,Ladies Jackets & Coats,Ladies Jackets & Coats,1,1,1,1,0,1,,Catalog (default),,Damenjacken & Damenmäntel,Damenjacken & Damenmäntel,Damenjacken & Damenmäntel,Damenjacken & Damenmäntel,Damenjacken & Damenmäntel,Damenjacken & Damenmäntel,Damenjacken & Damenmäntel,Damenjacken & Damenmäntel,Damenjacken & Damenmäntel,Damenjacken & Damenmäntel,Damenjacken & Damenmäntel,Damenjacken & Damenmäntel,Damenjacken & Damenmäntel,Damenjacken & Damenmäntel,Damenjacken & Damenmäntel,Damenjacken & Damenmäntel,,,,
SUB_11003_02,SUB_11003,Ladies Trousers,Ladies Trousers,Ladies Trousers,Ladies Trousers,1,1,1,1,0,1,,Catalog (default),,Damenhosen,Damenhosen,Damenhosen,Damenhosen,Damenhosen,Damenhosen,Damenhosen,Damenhosen,Damenhosen,Damenhosen,Damenhosen,Damenhosen,Damenhosen,Damenhosen,Damenhosen,Damenhosen,,,,
SUB_11003_03,SUB_11003,Ladies Blouses,Ladies Blouses,Ladies Blouses,Ladies Blouses,1,1,1,1,0,1,,Catalog (default),,Blusen,Blusen,Blusen,Blusen,Blusen,Blusen,Blusen,Blusen,Blusen,Blusen,Blusen,Blusen,Blusen,Blusen,Blusen,Blusen,,,,
SUB_11003_04,SUB_11003,Ladies Shirts,Ladies Shirts,Ladies Shirts,Ladies Shirts,1,1,1,1,0,1,,Catalog (default),,Damen-Shirts,Damen-Shirts,Damen-Shirts,Damen-Shirts,Damen-Shirts,Damen-Shirts,Damen-Shirts,Damen-Shirts,Damen-Shirts,Damen-Shirts,Damen-Shirts,Damen-Shirts,Damen-Shirts,Damen-Shirts,Damen-Shirts,Damen-Shirts,,,,
SUB_11003_05,SUB_11003,Ladies Dresses,Ladies Dresses,Ladies Dresses,Ladies Dresses,1,1,1,1,0,1,,Catalog (default),,Kleider,Kleider,Kleider,Kleider,Kleider,Kleider,Kleider,Kleider,Kleider,Kleider,Kleider,Kleider,Kleider,Kleider,Kleider,Kleider,,,,
SUB_11003_06,SUB_11003,Ladies Sweaters,Ladies Sweaters,Ladies Sweaters,Ladies Sweaters,1,1,1,1,0,1,,Catalog (default),,Damenpullover,Damenpullover,Damenpullover,Damenpullover,Damenpullover,Damenpullover,Damenpullover,Damenpullover,Damenpullover,Damenpullover,Damenpullover,Damenpullover,Damenpullover,Damenpullover,Damenpullover,Damenpullover,,,,
SUB_11003_07,SUB_11003,Skirts,Skirts,Skirts,Skirts,1,1,1,1,0,1,,Catalog (default),,Röcke,Röcke,Röcke,Röcke,Röcke,Röcke,Röcke,Röcke,Röcke,Röcke,Röcke,Röcke,Röcke,Röcke,Röcke,Röcke,,,,
SUB_11003_08,SUB_11003,Ladies underwear,Ladies underwear,Ladies underwear,Ladies underwear,1,1,1,1,0,1,,Catalog (default),,Damenunterwäsche,Damenunterwäsche,Damenunterwäsche,Damenunterwäsche,Damenunterwäsche,Damenunterwäsche,Damenunterwäsche,Damenunterwäsche,Damenunterwäsche,Damenunterwäsche,Damenunterwäsche,Damenunterwäsche,Damenunterwäsche,Damenunterwäsche,Damenunterwäsche,Damenunterwäsche,,,,
SUB_11003_09,SUB_11003,Ladies swimwear,Ladies swimwear,Ladies swimwear,Ladies swimwear,1,1,1,1,0,1,,Catalog (default),,Damenbademode,Damenbademode,Damenbademode,Damenbademode,Damenbademode,Damenbademode,Damenbademode,Damenbademode,Damenbademode,Damenbademode,Damenbademode,Damenbademode,Damenbademode,Damenbademode,Damenbademode,Damenbademode,,,,
SUB_11003_10,SUB_11003,Ladies nightwear,Ladies nightwear,Ladies nightwear,Ladies nightwear,1,1,1,1,0,1,,Catalog (default),,Damennachtwäsche,Damennachtwäsche,Damennachtwäsche,Damennachtwäsche,Damennachtwäsche,Damennachtwäsche,Damennachtwäsche,Damennachtwäsche,Damennachtwäsche,Damennachtwäsche,Damennachtwäsche,Damennachtwäsche,Damennachtwäsche,Damennachtwäsche,Damennachtwäsche,Damennachtwäsche,,,,
SUB_11004,MC_11001,Clothing for Men,Clothing for Men,Clothing for Men,Clothing for Men,1,1,1,1,0,1,,Catalog (default),,Bekleidung für Herren,Bekleidung für Herren,Bekleidung für Herren,Bekleidung für Herren,Bekleidung für Herren,Bekleidung für Herren,Bekleidung für Herren,Bekleidung für Herren,Bekleidung für Herren,Bekleidung für Herren,Bekleidung für Herren,Bekleidung für Herren,Bekleidung für Herren,Bekleidung für Herren,Bekleidung für Herren,Bekleidung für Herren,,,,
SUB_11004_01,SUB_11004,Jacket & Coats for men,Jacket & Coats for men,Jacket & Coats for men,Jacket & Coats for men,1,1,1,1,0,1,,Catalog (default),,Herrenjacken & Herrenmäntel,Herrenjacken & Herrenmäntel,Herrenjacken & Herrenmäntel,Herrenjacken & Herrenmäntel,Herrenjacken & Herrenmäntel,Herrenjacken & Herrenmäntel,Herrenjacken & Herrenmäntel,Herrenjacken & Herrenmäntel,Herrenjacken & Herrenmäntel,Herrenjacken & Herrenmäntel,Herrenjacken & Herrenmäntel,Herrenjacken & Herrenmäntel,Herrenjacken & Herrenmäntel,Herrenjacken & Herrenmäntel,Herrenjacken & Herrenmäntel,Herrenjacken & Herrenmäntel,,,,
SUB_11004_02,SUB_11004,Pants for men,Pants for men,Pants for men,Pants for men,1,1,1,1,0,1,,Catalog (default),,Herrenhosen,Herrenhosen,Herrenhosen,Herrenhosen,Herrenhosen,Herrenhosen,Herrenhosen,Herrenhosen,Herrenhosen,Herrenhosen,Herrenhosen,Herrenhosen,Herrenhosen,Herrenhosen,Herrenhosen,Herrenhosen,,,,
SUB_11004_03,SUB_11004,T-Shirts for men,T-Shirts for men,T-Shirts for men,T-Shirts for men,1,1,1,1,0,1,,Catalog (default),,Herren-Shirts,Herren-Shirts,Herren-Shirts,Herren-Shirts,Herren-Shirts,Herren-Shirts,Herren-Shirts,Herren-Shirts,Herren-Shirts,Herren-Shirts,Herren-Shirts,Herren-Shirts,Herren-Shirts,Herren-Shirts,Herren-Shirts,Herren-Shirts,,,,
SUB_11004_04,SUB_11004,Shirts for men,Shirts for men,Shirts for men,Shirts for men,1,1,1,1,0,1,,Catalog (default),,Herrenhemden,Herrenhemden,Herrenhemden,Herrenhemden,Herrenhemden,Herrenhemden,Herrenhemden,Herrenhemden,Herrenhemden,Herrenhemden,Herrenhemden,Herrenhemden,Herrenhemden,Herrenhemden,Herrenhemden,Herrenhemden,,,,
SUB_11004_05,SUB_11004,Sweater for men,Sweater for men,Sweater for men,Sweater for men,1,1,1,1,0,1,,Catalog (default),,Herrenpullover,Herrenpullover,Herrenpullover,Herrenpullover,Herrenpullover,Herrenpullover,Herrenpullover,Herrenpullover,Herrenpullover,Herrenpullover,Herrenpullover,Herrenpullover,Herrenpullover,Herrenpullover,Herrenpullover,Herrenpullover,,,,
SUB_11004_06,SUB_11004,Underwear for men,Underwear for men,Underwear for men,Underwear for men,1,1,1,1,0,1,,Catalog (default),,Herrenunterwäsche,Herrenunterwäsche,Herrenunterwäsche,Herrenunterwäsche,Herrenunterwäsche,Herrenunterwäsche,Herrenunterwäsche,Herrenunterwäsche,Herrenunterwäsche,Herrenunterwäsche,Herrenunterwäsche,Herrenunterwäsche,Herrenunterwäsche,Herrenunterwäsche,Herrenunterwäsche,Herrenunterwäsche,,,,
SUB_11004_07,SUB_11004,Swimwear for men,Swimwear for men,Swimwear for men,Swimwear for men,1,1,1,1,0,1,,Catalog (default),,Herrenbademode,Herrenbademode,Herrenbademode,Herrenbademode,Herrenbademode,Herrenbademode,Herrenbademode,Herrenbademode,Herrenbademode,Herrenbademode,Herrenbademode,Herrenbademode,Herrenbademode,Herrenbademode,Herrenbademode,Herrenbademode,,,,
SUB_11004_08,SUB_11004,Sleepwear for men,Sleepwear for men,Sleepwear for men,Sleepwear for men,1,1,1,1,0,1,,Catalog (default),,Herrennachtwäsche,Herrennachtwäsche,Herrennachtwäsche,Herrennachtwäsche,Herrennachtwäsche,Herrennachtwäsche,Herrennachtwäsche,Herrennachtwäsche,Herrennachtwäsche,Herrennachtwäsche,Herrennachtwäsche,Herrennachtwäsche,Herrennachtwäsche,Herrennachtwäsche,Herrennachtwäsche,Herrennachtwäsche,,,,
SUB_11004_09,SUB_11004,Suits for men,Suits for men,Suits for men,Suits for men,1,1,1,1,0,1,,Catalog (default),,Herrenanzüge,Herrenanzüge,Herrenanzüge,Herrenanzüge,Herrenanzüge,Herrenanzüge,Herrenanzüge,Herrenanzüge,Herrenanzüge,Herrenanzüge,Herrenanzüge,Herrenanzüge,Herrenanzüge,Herrenanzüge,Herrenanzüge,Herrenanzüge,,,,
SUB_11005,MC_11001,Clothes for Kids,Clothes for Kids,Clothes for Kids,Clothes for Kids,1,1,1,1,0,1,,Catalog (default),,Bekleidung für Kinder,Bekleidung für Kinder,Bekleidung für Kinder,Bekleidung für Kinder,Bekleidung für Kinder,Bekleidung für Kinder,Bekleidung für Kinder,Bekleidung für Kinder,Bekleidung für Kinder,Bekleidung für Kinder,Bekleidung für Kinder,Bekleidung für Kinder,Bekleidung für Kinder,Bekleidung für Kinder,Bekleidung für Kinder,Bekleidung für Kinder,,,,
SUB_11005_01,SUB_11005,Kids Jackets & Coats,Kids Jackets & Coats,Kids Jackets & Coats,Kids Jackets & Coats,1,1,1,1,0,1,,Catalog (default),,Kinderjacken & Kindermäntel,Kinderjacken & Kindermäntel,Kinderjacken & Kindermäntel,Kinderjacken & Kindermäntel,Kinderjacken & Kindermäntel,Kinderjacken & Kindermäntel,Kinderjacken & Kindermäntel,Kinderjacken & Kindermäntel,Kinderjacken & Kindermäntel,Kinderjacken & Kindermäntel,Kinderjacken & Kindermäntel,Kinderjacken & Kindermäntel,Kinderjacken & Kindermäntel,Kinderjacken & Kindermäntel,Kinderjacken & Kindermäntel,Kinderjacken & Kindermäntel,,,,
SUB_11005_02,SUB_11005,Kids Pants,Kids Pants,Kids Pants,Kids Pants,1,1,1,1,0,1,,Catalog (default),,Kinderhosen,Kinderhosen,Kinderhosen,Kinderhosen,Kinderhosen,Kinderhosen,Kinderhosen,Kinderhosen,Kinderhosen,Kinderhosen,Kinderhosen,Kinderhosen,Kinderhosen,Kinderhosen,Kinderhosen,Kinderhosen,,,,
SUB_11005_03,SUB_11005,Shirts for kids,Shirts for kids,Shirts for kids,Shirts for kids,1,1,1,1,0,1,,Catalog (default),,Kindershirts,Kindershirts,Kindershirts,Kindershirts,Kindershirts,Kindershirts,Kindershirts,Kindershirts,Kindershirts,Kindershirts,Kindershirts,Kindershirts,Kindershirts,Kindershirts,Kindershirts,Kindershirts,,,,
SUB_11005_04,SUB_11005,Dresses for kids,Dresses for kids,Dresses for kids,Dresses for kids,1,1,1,1,0,1,,Catalog (default),,Kinderkleider,Kinderkleider,Kinderkleider,Kinderkleider,Kinderkleider,Kinderkleider,Kinderkleider,Kinderkleider,Kinderkleider,Kinderkleider,Kinderkleider,Kinderkleider,Kinderkleider,Kinderkleider,Kinderkleider,Kinderkleider,,,,
SUB_11005_05,SUB_11005,Kids Sweaters,Kids Sweaters,Kids Sweaters,Kids Sweaters,1,1,1,1,0,1,,Catalog (default),,Kinderpullover,Kinderpullover,Kinderpullover,Kinderpullover,Kinderpullover,Kinderpullover,Kinderpullover,Kinderpullover,Kinderpullover,Kinderpullover,Kinderpullover,Kinderpullover,Kinderpullover,Kinderpullover,Kinderpullover,Kinderpullover,,,,
SUB_11005_06,SUB_11005,Children underwear,Children underwear,Children underwear,Children underwear,1,1,1,1,0,1,,Catalog (default),,Kinderunterwäsche,Kinderunterwäsche,Kinderunterwäsche,Kinderunterwäsche,Kinderunterwäsche,Kinderunterwäsche,Kinderunterwäsche,Kinderunterwäsche,Kinderunterwäsche,Kinderunterwäsche,Kinderunterwäsche,Kinderunterwäsche,Kinderunterwäsche,Kinderunterwäsche,Kinderunterwäsche,Kinderunterwäsche,,,,
SUB_11005_07,SUB_11005,Children swimwear,Children swimwear,Children swimwear,Children swimwear,1,1,1,1,0,1,,Catalog (default),,Kinderbademode,Kinderbademode,Kinderbademode,Kinderbademode,Kinderbademode,Kinderbademode,Kinderbademode,Kinderbademode,Kinderbademode,Kinderbademode,Kinderbademode,Kinderbademode,Kinderbademode,Kinderbademode,Kinderbademode,Kinderbademode,,,,
SUB_11005_08,SUB_11005,Children accessories,Children accessories,Children accessories,Children accessories,1,1,1,1,0,1,,Catalog (default),,Kinderaccessoires,Kinderaccessoires,Kinderaccessoires,Kinderaccessoires,Kinderaccessoires,Kinderaccessoires,Kinderaccessoires,Kinderaccessoires,Kinderaccessoires,Kinderaccessoires,Kinderaccessoires,Kinderaccessoires,Kinderaccessoires,Kinderaccessoires,Kinderaccessoires,Kinderaccessoires,,,,
SUB_11006,MC_11001,Handicrafts,Handicrafts,Handicrafts,Handicrafts,1,1,1,1,0,1,,Catalog (default),,Handarbeit,Handarbeit,Handarbeit,Handarbeit,Handarbeit,Handarbeit,Handarbeit,Handarbeit,Handarbeit,Handarbeit,Handarbeit,Handarbeit,Handarbeit,Handarbeit,Handarbeit,Handarbeit,,,,
SUB_11007,MC_11001,"Suitcases, Backpacks & Bags","Suitcases, Backpacks & Bags","Suitcases, Backpacks & Bags","Suitcases, Backpacks & Bags",1,1,1,1,0,1,,Catalog (default),,"Koffer, Rucksäcke & Taschen","Koffer, Rucksäcke & Taschen","Koffer, Rucksäcke & Taschen","Koffer, Rucksäcke & Taschen","Koffer, Rucksäcke & Taschen","Koffer, Rucksäcke & Taschen","Koffer, Rucksäcke & Taschen","Koffer, Rucksäcke & Taschen","Koffer, Rucksäcke & Taschen","Koffer, Rucksäcke & Taschen","Koffer, Rucksäcke & Taschen","Koffer, Rucksäcke & Taschen","Koffer, Rucksäcke & Taschen","Koffer, Rucksäcke & Taschen","Koffer, Rucksäcke & Taschen","Koffer, Rucksäcke & Taschen",,,,
SUB_11008,MC_11001,Jewelry,Jewelry,Jewelry,Jewelry,1,1,1,1,0,1,,Catalog (default),,Schmuck,Schmuck,Schmuck,Schmuck,Schmuck,Schmuck,Schmuck,Schmuck,Schmuck,Schmuck,Schmuck,Schmuck,Schmuck,Schmuck,Schmuck,Schmuck,,,,
SUB_11009,MC_11001,Shoes,Shoes,Shoes,Shoes,1,1,1,1,0,1,,Catalog (default),,Schuhe,Schuhe,Schuhe,Schuhe,Schuhe,Schuhe,Schuhe,Schuhe,Schuhe,Schuhe,Schuhe,Schuhe,Schuhe,Schuhe,Schuhe,Schuhe,,,,
SUB_11009_01,SUB_11009,Shoes for men,Shoes for men,Shoes for men,Shoes for men,1,1,1,1,0,1,,Catalog (default),,Herrenschuhe,Herrenschuhe,Herrenschuhe,Herrenschuhe,Herrenschuhe,Herrenschuhe,Herrenschuhe,Herrenschuhe,Herrenschuhe,Herrenschuhe,Herrenschuhe,Herrenschuhe,Herrenschuhe,Herrenschuhe,Herrenschuhe,Herrenschuhe,,,,
SUB_11009_02,SUB_11009,Shoes for women,Shoes for women,Shoes for women,Shoes for women,1,1,1,1,0,1,,Catalog (default),,Damenschuhe,Damenschuhe,Damenschuhe,Damenschuhe,Damenschuhe,Damenschuhe,Damenschuhe,Damenschuhe,Damenschuhe,Damenschuhe,Damenschuhe,Damenschuhe,Damenschuhe,Damenschuhe,Damenschuhe,Damenschuhe,,,,
SUB_11009_03,SUB_11009,Shoes for Kids,Shoes for Kids,Shoes for Kids,Shoes for Kids,1,1,1,1,0,1,,Catalog (default),,Kinderschuhe,Kinderschuhe,Kinderschuhe,Kinderschuhe,Kinderschuhe,Kinderschuhe,Kinderschuhe,Kinderschuhe,Kinderschuhe,Kinderschuhe,Kinderschuhe,Kinderschuhe,Kinderschuhe,Kinderschuhe,Kinderschuhe,Kinderschuhe,,,,
SUB_11009_04,SUB_11009,Sneakers,Sneakers,Sneakers,Sneakers,1,1,1,1,0,1,,Catalog (default),,Sneakers,Sneakers,Sneakers,Sneakers,Sneakers,Sneakers,Sneakers,Sneakers,Sneakers,Sneakers,Sneakers,Sneakers,Sneakers,Sneakers,Sneakers,Sneakers,,,,
SUB_11009_05,SUB_11009,Shoes for everyone,Shoes for everyone,Shoes for everyone,Shoes for everyone,1,1,1,1,0,1,,Catalog (default),,Schuhe für Jeden,Schuhe für Jeden,Schuhe für Jeden,Schuhe für Jeden,Schuhe für Jeden,Schuhe für Jeden,Schuhe für Jeden,Schuhe für Jeden,Schuhe für Jeden,Schuhe für Jeden,Schuhe für Jeden,Schuhe für Jeden,Schuhe für Jeden,Schuhe für Jeden,Schuhe für Jeden,Schuhe für Jeden,,,,
SUB_11010,MC_11001,Watches,Watches,Watches,Watches,1,1,1,1,0,1,,Catalog (default),,Uhren,Uhren,Uhren,Uhren,Uhren,Uhren,Uhren,Uhren,Uhren,Uhren,Uhren,Uhren,Uhren,Uhren,Uhren,Uhren,,,,
SUB_11011,MC_11001,Work clothing,Work clothing,Work clothing,Work clothing,1,1,1,1,0,1,,Catalog (default),,Arbeitsbekleidung,Arbeitsbekleidung,Arbeitsbekleidung,Arbeitsbekleidung,Arbeitsbekleidung,Arbeitsbekleidung,Arbeitsbekleidung,Arbeitsbekleidung,Arbeitsbekleidung,Arbeitsbekleidung,Arbeitsbekleidung,Arbeitsbekleidung,Arbeitsbekleidung,Arbeitsbekleidung,Arbeitsbekleidung,Arbeitsbekleidung,,,,
SUB_11012,MC_11001,Clothing for everyone,Clothing for everyone,Clothing for everyone,Clothing for everyone,1,1,1,1,0,1,,Catalog (default),,Bekleidung für Jeden,Bekleidung für Jeden,Bekleidung für Jeden,Bekleidung für Jeden,Bekleidung für Jeden,Bekleidung für Jeden,Bekleidung für Jeden,Bekleidung für Jeden,Bekleidung für Jeden,Bekleidung für Jeden,Bekleidung für Jeden,Bekleidung für Jeden,Bekleidung für Jeden,Bekleidung für Jeden,Bekleidung für Jeden,Bekleidung für Jeden,,,,
SUB_11012_01,SUB_11012,"Suits, Jackets & Coats","Suits, Jackets & Coats","Suits, Jackets & Coats","Suits, Jackets & Coats",1,1,1,1,0,1,,Catalog (default),,"Anzüge, Jacken & Mäntel","Anzüge, Jacken & Mäntel","Anzüge, Jacken & Mäntel","Anzüge, Jacken & Mäntel","Anzüge, Jacken & Mäntel","Anzüge, Jacken & Mäntel","Anzüge, Jacken & Mäntel","Anzüge, Jacken & Mäntel","Anzüge, Jacken & Mäntel","Anzüge, Jacken & Mäntel","Anzüge, Jacken & Mäntel","Anzüge, Jacken & Mäntel","Anzüge, Jacken & Mäntel","Anzüge, Jacken & Mäntel","Anzüge, Jacken & Mäntel","Anzüge, Jacken & Mäntel",,,,
SUB_11012_02,SUB_11012,T-Shirts,T-Shirts,T-Shirts,T-Shirts,1,1,1,1,0,1,,Catalog (default),,T-Shirts,T-Shirts,T-Shirts,T-Shirts,T-Shirts,T-Shirts,T-Shirts,T-Shirts,T-Shirts,T-Shirts,T-Shirts,T-Shirts,T-Shirts,T-Shirts,T-Shirts,T-Shirts,,,,
SUB_11012_03,SUB_11012,Shirts & Blouses,Shirts & Blouses,Shirts & Blouses,Shirts & Blouses,1,1,1,1,0,1,,Catalog (default),,Hemden & Blusen,Hemden & Blusen,Hemden & Blusen,Hemden & Blusen,Hemden & Blusen,Hemden & Blusen,Hemden & Blusen,Hemden & Blusen,Hemden & Blusen,Hemden & Blusen,Hemden & Blusen,Hemden & Blusen,Hemden & Blusen,Hemden & Blusen,Hemden & Blusen,Hemden & Blusen,,,,
SUB_11012_04,SUB_11012,Sweaters & Hoodies,Sweaters & Hoodies,Sweaters & Hoodies,Sweaters & Hoodies,1,1,1,1,0,1,,Catalog (default),,Pullver & Hoodies,Pullver & Hoodies,Pullver & Hoodies,Pullver & Hoodies,Pullver & Hoodies,Pullver & Hoodies,Pullver & Hoodies,Pullver & Hoodies,Pullver & Hoodies,Pullver & Hoodies,Pullver & Hoodies,Pullver & Hoodies,Pullver & Hoodies,Pullver & Hoodies,Pullver & Hoodies,Pullver & Hoodies,,,,
SUB_11012_05,SUB_11012,Dresses & Skirts,Dresses & Skirts,Dresses & Skirts,Dresses & Skirts,1,1,1,1,0,1,,Catalog (default),,Kleider & Röcke,Kleider & Röcke,Kleider & Röcke,Kleider & Röcke,Kleider & Röcke,Kleider & Röcke,Kleider & Röcke,Kleider & Röcke,Kleider & Röcke,Kleider & Röcke,Kleider & Röcke,Kleider & Röcke,Kleider & Röcke,Kleider & Röcke,Kleider & Röcke,Kleider & Röcke,,,,
SUB_11012_06,SUB_11012,Underwear,Underwear,Underwear,Underwear,1,1,1,1,0,1,,Catalog (default),,Unterwäsche,Unterwäsche,Unterwäsche,Unterwäsche,Unterwäsche,Unterwäsche,Unterwäsche,Unterwäsche,Unterwäsche,Unterwäsche,Unterwäsche,Unterwäsche,Unterwäsche,Unterwäsche,Unterwäsche,Unterwäsche,,,,
SUB_11012_07,SUB_11012,Swimwear,Swimwear,Swimwear,Swimwear,1,1,1,1,0,1,,Catalog (default),,Bademode,Bademode,Bademode,Bademode,Bademode,Bademode,Bademode,Bademode,Bademode,Bademode,Bademode,Bademode,Bademode,Bademode,Bademode,Bademode,,,,
MC_12001,demoshop,Sports & Outdoor,Sports & Outdoor,Sports & Outdoor,Sports & Outdoor,1,1,1,1,0,1,,Catalog (default),,Sport & Freizeit,Sport & Freizeit,Sport & Freizeit,Sport & Freizeit,Sport & Freizeit,Sport & Freizeit,Sport & Freizeit,Sport & Freizeit,Sport & Freizeit,Sport & Freizeit,Sport & Freizeit,Sport & Freizeit,Sport & Freizeit,Sport & Freizeit,Sport & Freizeit,Sport & Freizeit,,,,
SUB_12001,MC_12001,Camping,Camping,Camping,Camping,1,1,1,1,0,1,,Catalog (default),,Camping,Camping,Camping,Camping,Camping,Camping,Camping,Camping,Camping,Camping,Camping,Camping,Camping,Camping,Camping,Camping,,,,
SUB_12002,MC_12001,Scooter & E-Scooter,Scooter & E-Scooter,Scooter & E-Scooter,Scooter & E-Scooter,1,1,1,1,0,1,,Catalog (default),,Scooter & E-Scooter,Scooter & E-Scooter,Scooter & E-Scooter,Scooter & E-Scooter,Scooter & E-Scooter,Scooter & E-Scooter,Scooter & E-Scooter,Scooter & E-Scooter,Scooter & E-Scooter,Scooter & E-Scooter,Scooter & E-Scooter,Scooter & E-Scooter,Scooter & E-Scooter,Scooter & E-Scooter,Scooter & E-Scooter,Scooter & E-Scooter,,,,
SUB_12003,MC_12001,Bicycle world,Bicycle world,Bicycle world,Bicycle world,1,1,1,1,0,1,,Catalog (default),,Fahrradwelt,Fahrradwelt,Fahrradwelt,Fahrradwelt,Fahrradwelt,Fahrradwelt,Fahrradwelt,Fahrradwelt,Fahrradwelt,Fahrradwelt,Fahrradwelt,Fahrradwelt,Fahrradwelt,Fahrradwelt,Fahrradwelt,Fahrradwelt,,,,
SUB_12003_01,SUB_12003,E-bikes,E-bikes,E-bikes,E-bikes,1,1,1,1,0,1,,Catalog (default),,E-Bikes,E-Bikes,E-Bikes,E-Bikes,E-Bikes,E-Bikes,E-Bikes,E-Bikes,E-Bikes,E-Bikes,E-Bikes,E-Bikes,E-Bikes,E-Bikes,E-Bikes,E-Bikes,,,,
SUB_12003_02,SUB_12003,Mountain bikes,Mountain bikes,Mountain bikes,Mountain bikes,1,1,1,1,0,1,,Catalog (default),,Mountainbikes,Mountainbikes,Mountainbikes,Mountainbikes,Mountainbikes,Mountainbikes,Mountainbikes,Mountainbikes,Mountainbikes,Mountainbikes,Mountainbikes,Mountainbikes,Mountainbikes,Mountainbikes,Mountainbikes,Mountainbikes,,,,
SUB_12003_03,SUB_12003,Citybikes,Citybikes,Citybikes,Citybikes,1,1,1,1,0,1,,Catalog (default),,Citybikes,Citybikes,Citybikes,Citybikes,Citybikes,Citybikes,Citybikes,Citybikes,Citybikes,Citybikes,Citybikes,Citybikes,Citybikes,Citybikes,Citybikes,Citybikes,,,,
SUB_12003_04,SUB_12003,Children bikes,Children bikes,Children bikes,Children bikes,1,1,1,1,0,1,,Catalog (default),,Kinderfahrräder,Kinderfahrräder,Kinderfahrräder,Kinderfahrräder,Kinderfahrräder,Kinderfahrräder,Kinderfahrräder,Kinderfahrräder,Kinderfahrräder,Kinderfahrräder,Kinderfahrräder,Kinderfahrräder,Kinderfahrräder,Kinderfahrräder,Kinderfahrräder,Kinderfahrräder,,,,
SUB_12003_05,SUB_12003,Bicycle accessories,Bicycle accessories,Bicycle accessories,Bicycle accessories,1,1,1,1,0,1,,Catalog (default),,Fahrradzubehör,Fahrradzubehör,Fahrradzubehör,Fahrradzubehör,Fahrradzubehör,Fahrradzubehör,Fahrradzubehör,Fahrradzubehör,Fahrradzubehör,Fahrradzubehör,Fahrradzubehör,Fahrradzubehör,Fahrradzubehör,Fahrradzubehör,Fahrradzubehör,Fahrradzubehör,,,,
SUB_12004,MC_12001,GPS & Wearables,GPS & Wearables,GPS & Wearables,GPS & Wearables,1,1,1,1,0,1,,Catalog (default),,GPS & Wearables,GPS & Wearables,GPS & Wearables,GPS & Wearables,GPS & Wearables,GPS & Wearables,GPS & Wearables,GPS & Wearables,GPS & Wearables,GPS & Wearables,GPS & Wearables,GPS & Wearables,GPS & Wearables,GPS & Wearables,GPS & Wearables,GPS & Wearables,,,,
SUB_12005,MC_12001,Handicrafts & Crafts,Handicrafts & Crafts,Handicrafts & Crafts,Handicrafts & Crafts,1,1,1,1,0,1,,Catalog (default),,Handarbeit & Basteln,Handarbeit & Basteln,Handarbeit & Basteln,Handarbeit & Basteln,Handarbeit & Basteln,Handarbeit & Basteln,Handarbeit & Basteln,Handarbeit & Basteln,Handarbeit & Basteln,Handarbeit & Basteln,Handarbeit & Basteln,Handarbeit & Basteln,Handarbeit & Basteln,Handarbeit & Basteln,Handarbeit & Basteln,Handarbeit & Basteln,,,,
SUB_12006,MC_12001,Meditation & Esotericism,Meditation & Esotericism,Meditation & Esotericism,Meditation & Esotericism,1,1,1,1,0,1,,Catalog (default),,Meditation & Esoterik,Meditation & Esoterik,Meditation & Esoterik,Meditation & Esoterik,Meditation & Esoterik,Meditation & Esoterik,Meditation & Esoterik,Meditation & Esoterik,Meditation & Esoterik,Meditation & Esoterik,Meditation & Esoterik,Meditation & Esoterik,Meditation & Esoterik,Meditation & Esoterik,Meditation & Esoterik,Meditation & Esoterik,,,,
SUB_12007,MC_12001,Musical Instruments & Accessories,Musical Instruments & Accessories,Musical Instruments & Accessories,Musical Instruments & Accessories,1,1,1,1,0,1,,Catalog (default),,Musikinstrumente & Zubehör,Musikinstrumente & Zubehör,Musikinstrumente & Zubehör,Musikinstrumente & Zubehör,Musikinstrumente & Zubehör,Musikinstrumente & Zubehör,Musikinstrumente & Zubehör,Musikinstrumente & Zubehör,Musikinstrumente & Zubehör,Musikinstrumente & Zubehör,Musikinstrumente & Zubehör,Musikinstrumente & Zubehör,Musikinstrumente & Zubehör,Musikinstrumente & Zubehör,Musikinstrumente & Zubehör,Musikinstrumente & Zubehör,,,,
SUB_12008,MC_12001,Outdoor Equipment,Outdoor Equipment,Outdoor Equipment,Outdoor Equipment,1,1,1,1,0,1,,Catalog (default),,Outdoorausrüstung,Outdoorausrüstung,Outdoorausrüstung,Outdoorausrüstung,Outdoorausrüstung,Outdoorausrüstung,Outdoorausrüstung,Outdoorausrüstung,Outdoorausrüstung,Outdoorausrüstung,Outdoorausrüstung,Outdoorausrüstung,Outdoorausrüstung,Outdoorausrüstung,Outdoorausrüstung,Outdoorausrüstung,,,,
SUB_12009,MC_12001,Sports & outdoor clothing,Sports & outdoor clothing,Sports & outdoor clothing,Sports & outdoor clothing,1,1,1,1,0,1,,Catalog (default),,Sport- & Outdoorbekleidung,Sport- & Outdoorbekleidung,Sport- & Outdoorbekleidung,Sport- & Outdoorbekleidung,Sport- & Outdoorbekleidung,Sport- & Outdoorbekleidung,Sport- & Outdoorbekleidung,Sport- & Outdoorbekleidung,Sport- & Outdoorbekleidung,Sport- & Outdoorbekleidung,Sport- & Outdoorbekleidung,Sport- & Outdoorbekleidung,Sport- & Outdoorbekleidung,Sport- & Outdoorbekleidung,Sport- & Outdoorbekleidung,Sport- & Outdoorbekleidung,,,,
SUB_12009_01,SUB_12009,Sportswear Ladies,Sportswear Ladies,Sportswear Ladies,Sportswear Ladies,1,1,1,1,0,1,,Catalog (default),,Sportbekleidung Damen,Sportbekleidung Damen,Sportbekleidung Damen,Sportbekleidung Damen,Sportbekleidung Damen,Sportbekleidung Damen,Sportbekleidung Damen,Sportbekleidung Damen,Sportbekleidung Damen,Sportbekleidung Damen,Sportbekleidung Damen,Sportbekleidung Damen,Sportbekleidung Damen,Sportbekleidung Damen,Sportbekleidung Damen,Sportbekleidung Damen,,,,
SUB_12009_02,SUB_12009,Sportswear Men,Sportswear Men,Sportswear Men,Sportswear Men,1,1,1,1,0,1,,Catalog (default),,Sportbekleidung Herren,Sportbekleidung Herren,Sportbekleidung Herren,Sportbekleidung Herren,Sportbekleidung Herren,Sportbekleidung Herren,Sportbekleidung Herren,Sportbekleidung Herren,Sportbekleidung Herren,Sportbekleidung Herren,Sportbekleidung Herren,Sportbekleidung Herren,Sportbekleidung Herren,Sportbekleidung Herren,Sportbekleidung Herren,Sportbekleidung Herren,,,,
SUB_12009_03,SUB_12009,Sportswear children,Sportswear children,Sportswear children,Sportswear children,1,1,1,1,0,1,,Catalog (default),,Sportbekleidung Kinder,Sportbekleidung Kinder,Sportbekleidung Kinder,Sportbekleidung Kinder,Sportbekleidung Kinder,Sportbekleidung Kinder,Sportbekleidung Kinder,Sportbekleidung Kinder,Sportbekleidung Kinder,Sportbekleidung Kinder,Sportbekleidung Kinder,Sportbekleidung Kinder,Sportbekleidung Kinder,Sportbekleidung Kinder,Sportbekleidung Kinder,Sportbekleidung Kinder,,,,
SUB_12009_04,SUB_12009,Sports shoes,Sports shoes,Sports shoes,Sports shoes,1,1,1,1,0,1,,Catalog (default),,Sportschuhe,Sportschuhe,Sportschuhe,Sportschuhe,Sportschuhe,Sportschuhe,Sportschuhe,Sportschuhe,Sportschuhe,Sportschuhe,Sportschuhe,Sportschuhe,Sportschuhe,Sportschuhe,Sportschuhe,Sportschuhe,,,,
SUB_12010,MC_12001,Sports nutrition,Sports nutrition,Sports nutrition,Sports nutrition,1,1,1,1,0,1,,Catalog (default),,Sportnahrung,Sportnahrung,Sportnahrung,Sportnahrung,Sportnahrung,Sportnahrung,Sportnahrung,Sportnahrung,Sportnahrung,Sportnahrung,Sportnahrung,Sportnahrung,Sportnahrung,Sportnahrung,Sportnahrung,Sportnahrung,,,,
SUB_12011,MC_12001,Sports equipment,Sports equipment,Sports equipment,Sports equipment,1,1,1,1,0,1,,Catalog (default),,Sportausrüstung,Sportausrüstung,Sportausrüstung,Sportausrüstung,Sportausrüstung,Sportausrüstung,Sportausrüstung,Sportausrüstung,Sportausrüstung,Sportausrüstung,Sportausrüstung,Sportausrüstung,Sportausrüstung,Sportausrüstung,Sportausrüstung,Sportausrüstung,,,,
MC_13001,demoshop,Pet Supplies,Pet Supplies,Pet Supplies,Pet Supplies,1,1,1,1,0,1,,Catalog (default),,Tierbedarf,Tierbedarf,Tierbedarf,Tierbedarf,Tierbedarf,Tierbedarf,Tierbedarf,Tierbedarf,Tierbedarf,Tierbedarf,Tierbedarf,Tierbedarf,Tierbedarf,Tierbedarf,Tierbedarf,Tierbedarf,,,,
SUB_13001,MC_13001,Dog supplies & accessories,Dog supplies & accessories,Dog supplies & accessories,Dog supplies & accessories,1,1,1,1,0,1,,Catalog (default),,Hundebedarf & Hundezubehör,Hundebedarf & Hundezubehör,Hundebedarf & Hundezubehör,Hundebedarf & Hundezubehör,Hundebedarf & Hundezubehör,Hundebedarf & Hundezubehör,Hundebedarf & Hundezubehör,Hundebedarf & Hundezubehör,Hundebedarf & Hundezubehör,Hundebedarf & Hundezubehör,Hundebedarf & Hundezubehör,Hundebedarf & Hundezubehör,Hundebedarf & Hundezubehör,Hundebedarf & Hundezubehör,Hundebedarf & Hundezubehör,Hundebedarf & Hundezubehör,,,,
SUB_13001_01,SUB_13001,Dog food,Dog food,Dog food,Dog food,1,1,1,1,0,1,,Catalog (default),,Hundefutter,Hundefutter,Hundefutter,Hundefutter,Hundefutter,Hundefutter,Hundefutter,Hundefutter,Hundefutter,Hundefutter,Hundefutter,Hundefutter,Hundefutter,Hundefutter,Hundefutter,Hundefutter,,,,
SUB_13001_02,SUB_13001,Dog toys,Dog toys,Dog toys,Dog toys,1,1,1,1,0,1,,Catalog (default),,Hundespielzeug,Hundespielzeug,Hundespielzeug,Hundespielzeug,Hundespielzeug,Hundespielzeug,Hundespielzeug,Hundespielzeug,Hundespielzeug,Hundespielzeug,Hundespielzeug,Hundespielzeug,Hundespielzeug,Hundespielzeug,Hundespielzeug,Hundespielzeug,,,,
SUB_13002,MC_13001,Cat supplies & accessories,Cat supplies & accessories,Cat supplies & accessories,Cat supplies & accessories,1,1,1,1,0,1,,Catalog (default),,Katzenbedarf & Katzenzubehör,Katzenbedarf & Katzenzubehör,Katzenbedarf & Katzenzubehör,Katzenbedarf & Katzenzubehör,Katzenbedarf & Katzenzubehör,Katzenbedarf & Katzenzubehör,Katzenbedarf & Katzenzubehör,Katzenbedarf & Katzenzubehör,Katzenbedarf & Katzenzubehör,Katzenbedarf & Katzenzubehör,Katzenbedarf & Katzenzubehör,Katzenbedarf & Katzenzubehör,Katzenbedarf & Katzenzubehör,Katzenbedarf & Katzenzubehör,Katzenbedarf & Katzenzubehör,Katzenbedarf & Katzenzubehör,,,,
SUB_13002_01,SUB_13002,Cat food,Cat food,Cat food,Cat food,1,1,1,1,0,1,,Catalog (default),,Katzenfutter,Katzenfutter,Katzenfutter,Katzenfutter,Katzenfutter,Katzenfutter,Katzenfutter,Katzenfutter,Katzenfutter,Katzenfutter,Katzenfutter,Katzenfutter,Katzenfutter,Katzenfutter,Katzenfutter,Katzenfutter,,,,
SUB_13002_02,SUB_13002,Cat toys,Cat toys,Cat toys,Cat toys,1,1,1,1,0,1,,Catalog (default),,Katzenspielzeug,Katzenspielzeug,Katzenspielzeug,Katzenspielzeug,Katzenspielzeug,Katzenspielzeug,Katzenspielzeug,Katzenspielzeug,Katzenspielzeug,Katzenspielzeug,Katzenspielzeug,Katzenspielzeug,Katzenspielzeug,Katzenspielzeug,Katzenspielzeug,Katzenspielzeug,,,,
SUB_13003,MC_13001,Aquaristics,Aquaristics,Aquaristics,Aquaristics,1,1,1,1,0,1,,Catalog (default),,Aquaristik,Aquaristik,Aquaristik,Aquaristik,Aquaristik,Aquaristik,Aquaristik,Aquaristik,Aquaristik,Aquaristik,Aquaristik,Aquaristik,Aquaristik,Aquaristik,Aquaristik,Aquaristik,,,,
SUB_13004,MC_13001,Rodent supplies & small animal supplies,Rodent supplies & small animal supplies,Rodent supplies & small animal supplies,Rodent supplies & small animal supplies,1,1,1,1,0,1,,Catalog (default),,Nagerbedarf & Kleintierbedarf,Nagerbedarf & Kleintierbedarf,Nagerbedarf & Kleintierbedarf,Nagerbedarf & Kleintierbedarf,Nagerbedarf & Kleintierbedarf,Nagerbedarf & Kleintierbedarf,Nagerbedarf & Kleintierbedarf,Nagerbedarf & Kleintierbedarf,Nagerbedarf & Kleintierbedarf,Nagerbedarf & Kleintierbedarf,Nagerbedarf & Kleintierbedarf,Nagerbedarf & Kleintierbedarf,Nagerbedarf & Kleintierbedarf,Nagerbedarf & Kleintierbedarf,Nagerbedarf & Kleintierbedarf,Nagerbedarf & Kleintierbedarf,,,,
SUB_13005,MC_13001,Reptiles & Amphibians,Reptiles & Amphibians,Reptiles & Amphibians,Reptiles & Amphibians,1,1,1,1,0,1,,Catalog (default),,Terraristik,Terraristik,Terraristik,Terraristik,Terraristik,Terraristik,Terraristik,Terraristik,Terraristik,Terraristik,Terraristik,Terraristik,Terraristik,Terraristik,Terraristik,Terraristik,,,,
SUB_13006,MC_13001,Birds,Birds,Birds,Birds,1,1,1,1,0,1,,Catalog (default),,Vögel,Vögel,Vögel,Vögel,Vögel,Vögel,Vögel,Vögel,Vögel,Vögel,Vögel,Vögel,Vögel,Vögel,Vögel,Vögel,,,,
SUB_13007,MC_13001,Horses,Horses,Horses,Horses,1,1,1,1,0,1,,Catalog (default),,Pferde,Pferde,Pferde,Pferde,Pferde,Pferde,Pferde,Pferde,Pferde,Pferde,Pferde,Pferde,Pferde,Pferde,Pferde,Pferde,,,,
SUB_13008,MC_13001,Garden & Pond,Garden & Pond,Garden & Pond,Garden & Pond,1,1,1,1,0,1,,Catalog (default),,Garten & Teich,Garten & Teich,Garten & Teich,Garten & Teich,Garten & Teich,Garten & Teich,Garten & Teich,Garten & Teich,Garten & Teich,Garten & Teich,Garten & Teich,Garten & Teich,Garten & Teich,Garten & Teich,Garten & Teich,Garten & Teich,,,,
MC_14001,demoshop,Vouchers,Vouchers,Vouchers,Vouchers,1,1,1,1,0,1,,Catalog (default),,Gutscheine,Gutscheine,Gutscheine,Gutscheine,Gutscheine,Gutscheine,Gutscheine,Gutscheine,Gutscheine,Gutscheine,Gutscheine,Gutscheine,Gutscheine,Gutscheine,Gutscheine,Gutscheine,,,,
SUB_14001,MC_14001,Adventure vouchers,Adventure vouchers,Adventure vouchers,Adventure vouchers,1,0,1,0,0,1,,Catalog (default),,Erlebnisgutscheine,Erlebnisgutscheine,Erlebnisgutscheine,Erlebnisgutscheine,Erlebnisgutscheine,Erlebnisgutscheine,Erlebnisgutscheine,Erlebnisgutscheine,Erlebnisgutscheine,Erlebnisgutscheine,Erlebnisgutscheine,Erlebnisgutscheine,Erlebnisgutscheine,Erlebnisgutscheine,Erlebnisgutscheine,Erlebnisgutscheine,,,,
9999999999,demoshop,Unsorted,Unsorted,Unsorted,Unsorted,0,0,1,0,0,1,,Catalog (default),,Unsorted,Unsorted,Unsorted,Unsorted,Unsorted,Unsorted,Unsorted,Unsorted,Unsorted,Unsorted,Unsorted,Unsorted,Unsorted,Unsorted,Unsorted,Unsorted,,,,
9999999998,demoshop,Offers of the month,Offers of the month,Offers of the month,Offers of the month,0,0,1,0,0,1,,Catalog (default),,Angebote des Monats,Angebote des Monats,Angebote des Monats,Angebote des Monats,Angebote des Monats,Angebote des Monats,Angebote des Monats,Angebote des Monats,Angebote des Monats,Angebote des Monats,Angebote des Monats,Angebote des Monats,Angebote des Monats,Angebote des Monats,Angebote des Monats,Angebote des Monats,,,,
9999999997,demoshop,offline / deactivated,offline / deactivated,offline / deactivated,offline / deactivated,0,0,1,0,0,1,,Catalog (default),,offline / deactivated,offline / deactivated,offline / deactivated,offline / deactivated,offline / deactivated,offline / deactivated,offline / deactivated,offline / deactivated,offline / deactivated,offline / deactivated,offline / deactivated,offline / deactivated,offline / deactivated,offline / deactivated,offline / deactivated,offline / deactivated,,,,
